201 1 4
201 111 4
201 268 3
201 283 4
201 291 4
201 305 4
201 331 4
201 740 3
202 259 3
202 292 3
202 682 3
202 872 3
202 877 3
202 880 3
202 887 3
202 895 3
202 948 3
203 7 4
203 9 4
203 100 4
203 106 3
203 111 3
203 117 4
203 118 3
203 121 4
203 123 4
203 129 3
203 148 4
203 181 4
203 222 4
203 235 4
203 274 4
203 276 4
203 284 4
203 291 4
203 370 3
203 410 3
203 471 3
203 472 3
203 515 4
203 546 4
203 597 4
203 685 3
203 748 4
203 845 4
203 864 3
203 866 3
203 925 3
203 928 3
204 22 2
204 66 2
204 243 1
204 245 2
204 258 2
204 259 2
204 269 2
204 270 2
204 289 1
204 300 2
204 307 2
204 310 2
204 313 2
204 323 2
204 327 2
204 331 2
204 333 2
204 342 2
204 343 2
204 348 1
204 678 2
204 683 2
204 687 2
204 689 2
204 690 2
204 748 2
204 754 2
204 879 2
204 892 2
204 901 2
205 2 3
205 5 3
205 8 3
205 11 3
205 12 3
205 22 3
205 23 3
205 28 3
205 29 3
205 30 3
205 31 2
205 32 3
205 33 3
205 37 2
205 38 3
205 39 3
205 40 3
205 41 2
205 42 3
205 43 2
205 45 3
205 47 3
205 48 3
205 49 2
205 50 3
205 51 3
205 52 3
205 53 2
205 55 3
205 56 2
205 57 3
205 58 2
205 60 3
205 61 3
205 62 3
205 63 3
205 64 3
205 66 2
205 67 2
205 68 3
205 70 3
205 71 2
205 72 2
205 73 3
205 75 3
205 76 2
205 77 3
205 78 2
205 80 2
205 81 2
205 82 3
205 83 3
205 85 3
205 87 3
205 88 3
205 90 2
205 91 3
205 92 3
205 94 3
205 96 3
205 97 2
205 98 3
205 101 3
205 102 2
205 127 3
205 132 3
205 135 3
205 139 3
205 141 3
205 142 2
205 149 3
205 161 3
205 168 3
205 169 3
205 172 3
205 173 3
205 175 2
205 178 3
205 179 3
205 180 3
205 183 3
205 184 3
205 185 2
205 186 3
205 188 3
205 189 2
205 190 3
205 191 3
205 192 3
205 193 3
205 195 3
205 197 2
205 198 3
205 199 3
205 200 3
205 202 3
205 204 3
205 206 3
205 207 3
205 208 3
205 210 3
205 211 3
205 212 3
205 214 3
205 215 2
205 216 3
205 217 3
205 218 3
205 219 2
205 226 2
205 227 3
205 228 3
205 229 3
205 230 3
205 231 3
205 232 3
205 233 3
205 234 3
205 238 3
205 239 3
205 265 3
205 288 2
205 302 3
205 308 2
205 317 3
205 318 3
205 347 2
205 350 3
205 351 3
205 356 2
205 361 2
205 364 3
205 365 3
205 366 2
205 367 3
205 371 2
205 374 3
205 376 2
205 377 3
205 379 3
205 383 3
205 384 2
205 386 3
205 387 3
205 388 3
205 391 3
205 393 2
205 395 2
205 396 2
205 397 2
205 399 3
205 400 3
205 402 3
205 403 2
205 404 2
205 414 3
205 415 3
205 416 3
205 417 2
205 419 2
205 420 3
205 421 3
205 422 3
205 423 2
205 426 3
205 427 2
205 430 2
205 431 3
205 433 2
205 434 3
205 437 3
205 438 3
205 439 3
205 440 3
205 441 3
205 442 3
205 444 2
205 446 3
205 447 3
205 448 3
205 449 3
205 450 2
205 451 2
205 452 3
205 453 2
205 461 3
205 462 3
205 463 3
205 464 3
205 465 3
205 467 2
205 469 2
205 470 2
205 480 3
205 482 3
205 501 2
205 504 3
205 509 3
205 510 3
205 511 2
205 514 3
205 515 3
205 516 3
205 517 3
205 518 3
205 519 3
205 520 2
205 521 3
205 522 3
205 523 3
205 524 3
205 525 3
205 526 2
205 527 2
205 528 3
205 529 3
205 530 3
205 536 3
205 537 3
205 540 3
205 541 3
205 543 3
205 545 3
205 548 3
205 549 3
205 551 3
205 552 3
205 553 3
205 555 3
205 556 3
205 557 3
205 558 3
205 559 2
205 560 3
205 561 3
205 562 2
205 563 3
205 564 3
205 565 3
205 566 3
205 567 2
205 568 3
205 569 3
205 570 3
205 573 3
205 574 3
205 575 3
205 577 2
205 578 3
205 579 3
205 580 3
205 581 3
205 583 3
205 584 3
205 585 3
205 586 3
205 588 3
205 592 3
205 593 2
205 603 2
205 606 3
205 622 3
205 623 2
205 624 2
205 625 2
205 626 3
205 627 2
205 639 3
205 642 2
205 643 3
205 644 3
205 645 3
205 647 3
205 648 3
205 649 3
205 650 3
205 651 3
205 652 3
205 653 2
205 654 3
205 655 2
205 656 3
205 659 2
205 661 3
205 662 2
205 664 3
205 666 3
205 667 3
205 669 3
205 670 3
205 671 3
205 673 3
205 674 2
205 675 3
205 679 3
205 684 3
205 692 2
205 693 3
205 694 3
205 695 3
205 697 3
205 699 3
205 700 3
205 702 3
205 707 3
205 708 3
205 710 3
205 712 3
205 714 3
205 715 3
205 716 3
205 719 2
205 720 3
205 721 3
205 722 2
205 723 3
205 726 3
205 727 3
205 728 3
205 729 3
205 731 3
205 732 3
205 734 3
205 736 3
205 739 3
205 745 3
205 746 3
205 747 3
205 753 3
205 755 2
205 759 3
205 761 2
205 765 3
205 768 3
205 769 3
205 770 2
205 771 2
205 772 2
205 773 3
205 774 3
205 775 3
205 776 3
205 777 2
205 778 3
205 779 2
205 780 3
205 782 3
205 783 3
205 784 3
205 785 3
205 786 3
205 787 3
205 788 3
205 789 3
205 790 3
205 791 3
205 793 2
205 794 3
205 795 3
205 796 3
205 798 3
205 802 3
205 807 3
205 808 3
205 810 3
205 812 3
205 816 3
205 842 3
205 843 3
205 849 3
205 851 3
205 853 3
205 854 3
205 855 3
205 858 3
205 859 3
205 860 3
205 861 3
205 904 3
205 921 2
205 939 2
205 941 2
205 943 3
205 944 3
205 946 3
205 947 3
205 949 3
205 951 3
205 953 3
205 955 3
205 956 3
205 957 3
205 959 3
205 960 3
205 964 3
205 969 2
205 971 2
205 994 3
205 996 3
205 997 3
205 999 3
206 1 2
206 3 3
206 4 3
206 5 3
206 7 3
206 8 3
206 10 3
206 11 3
206 12 3
206 13 3
206 14 2
206 15 3
206 20 3
206 22 3
206 24 3
206 25 2
206 28 2
206 30 2
206 32 3
206 39 3
206 40 3
206 42 3
206 47 3
206 48 2
206 50 3
206 52 3
206 58 2
206 63 3
206 64 3
206 69 3
206 71 3
206 72 3
206 79 2
206 85 3
206 86 3
206 87 3
206 89 3
206 92 3
206 93 3
206 96 3
206 99 3
206 115 3
206 117 3
206 121 3
206 123 3
206 125 2
206 127 3
206 129 2
206 131 3
206 132 3
206 133 3
206 134 3
206 135 3
206 136 3
206 143 2
206 148 3
206 151 3
206 152 3
206 153 2
206 156 2
206 158 2
206 164 3
206 168 3
206 170 3
206 172 3
206 173 3
206 174 3
206 175 2
206 179 3
206 181 3
206 182 3
206 183 3
206 186 3
206 187 2
206 188 3
206 190 3
206 191 3
206 194 3
206 195 3
206 196 2
206 198 3
206 199 3
206 202 3
206 203 3
206 204 3
206 206 3
206 209 3
206 211 2
206 212 3
206 213 3
206 215 2
206 218 3
206 219 3
206 220 2
206 222 3
206 228 2
206 234 3
206 235 3
206 237 3
206 238 3
206 239 3
206 240 2
206 274 3
206 275 3
206 276 3
206 277 3
206 284 3
206 289 2
206 317 2
206 318 3
206 357 2
206 368 3
206 381 3
206 396 2
206 404 3
206 405 2
206 410 2
206 411 3
206 414 3
206 418 3
206 419 2
206 420 2
206 421 3
206 427 2
206 428 3
206 429 3
206 430 2
206 431 3
206 434 3
206 435 3
206 436 3
206 443 2
206 447 3
206 451 2
206 452 3
206 453 2
206 461 3
206 463 3
206 468 2
206 469 3
206 474 2
206 476 2
206 479 3
206 480 3
206 481 3
206 482 3
206 485 3
206 487 3
206 488 2
206 490 3
206 496 3
206 498 3
206 499 3
206 501 2
206 503 2
206 504 3
206 505 3
206 507 2
206 508 3
206 509 2
206 511 2
206 514 3
206 515 3
206 517 2
206 519 3
206 520 3
206 523 3
206 524 3
206 526 3
206 527 2
206 528 3
206 529 3
206 543 3
206 559 2
206 561 3
206 573 3
206 582 3
206 588 2
206 589 3
206 591 3
206 596 3
206 605 2
206 606 3
206 607 3
206 608 3
206 610 3
206 611 3
206 612 3
206 624 3
206 632 3
206 633 2
206 634 3
206 638 3
206 639 3
206 640 3
206 641 3
206 642 3
206 645 3
206 647 3
206 651 3
206 652 3
206 655 3
206 662 2
206 663 2
206 664 3
206 665 3
206 672 3
206 675 3
206 692 2
206 693 2
206 699 3
206 701 3
206 705 3
206 712 3
206 713 3
206 715 3
206 727 3
206 732 3
206 735 2
206 737 3
206 745 3
206 746 3
206 747 3
206 756 2
206 772 2
206 787 3
206 813 3
206 823 3
206 825 2
206 826 3
206 831 3
206 845 3
206 919 3
206 921 3
206 923 3
206 942 3
206 960 3
206 962 3
207 1 2
207 2 2
207 4 2
207 8 2
207 25 1
207 28 2
207 29 2
207 40 2
207 45 2
207 50 2
207 56 2
207 62 2
207 68 2
207 69 2
207 70 2
207 82 2
207 88 2
207 89 2
207 91 2
207 96 2
207 97 1
207 98 2
207 99 2
207 100 2
207 117 2
207 118 2
207 123 2
207 127 2
207 132 2
207 135 2
207 143 2
207 144 2
207 147 1
207 157 1
207 158 1
207 159 2
207 161 2
207 163 2
207 172 2
207 173 2
207 174 2
207 177 2
207 179 2
207 180 2
207 181 2
207 182 2
207 183 2
207 185 2
207 186 2
207 188 2
207 193 2
207 194 2
207 196 1
207 197 2
207 200 2
207 201 2
207 202 2
207 203 2
207 205 2
207 208 2
207 209 2
207 211 1
207 214 2
207 215 1
207 216 1
207 217 2
207 218 2
207 222 2
207 223 2
207 226 1
207 227 2
207 228 2
207 229 2
207 230 2
207 231 2
207 232 2
207 235 2
207 238 2
207 239 2
207 244 2
207 248 2
207 249 2
207 250 2
207 255 2
207 257 2
207 265 2
207 269 2
207 274 2
207 286 2
207 289 1
207 290 2
207 291 2
207 313 2
207 316 2
207 345 2
207 357 1
207 371 1
207 382 2
207 385 2
207 393 1
207 399 2
207 400 2
207 405 2
207 416 2
207 418 2
207 423 2
207 427 1
207 428 2
207 432 2
207 433 2
207 436 2
207 447 2
207 448 2
207 449 2
207 455 2
207 466 1
207 476 1
207 478 2
207 479 2
207 483 2
207 484 1
207 493 2
207 496 2
207 502 2
207 508 2
207 510 2
207 514 2
207 519 2
207 521 2
207 525 2
207 559 2
207 561 2
207 565 2
207 588 1
207 603 2
207 616 2
207 629 2
207 635 2
207 642 2
207 648 2
207 656 2
207 657 2
207 660 2
207 675 2
207 684 1
207 705 2
207 710 2
207 712 2
207 715 2
207 729 2
207 732 2
207 746 2
207 755 1
207 756 2
207 785 2
207 844 2
207 859 2
207 869 2
207 879 2
207 949 2
207 969 1
207 972 2
207 993 2
208 270 4
208 271 3
208 286 3
208 294 4
208 300 4
208 313 4
208 315 3
208 319 3
208 328 3
208 347 3
208 358 3
208 539 4
208 683 4
208 689 3
208 748 4
209 6 4
209 8 4
209 9 4
209 12 4
209 14 3
209 22 4
209 23 4
209 28 3
209 30 4
209 48 4
209 50 4
209 58 3
209 59 4
209 60 4
209 65 3
209 87 4
209 97 3
209 98 4
209 99 4
209 100 4
209 133 4
209 135 4
209 153 3
209 154 4
209 156 3
209 162 4
209 166 4
209 168 4
209 170 4
209 172 4
209 173 4
209 174 4
209 175 3
209 179 4
209 181 4
209 186 4
209 191 4
209 192 4
209 195 4
209 197 4
209 199 4
209 200 4
209 201 4
209 202 4
209 203 3
209 204 4
209 205 4
209 207 4
209 209 4
209 210 4
209 213 4
209 214 4
209 216 4
209 223 4
209 264 3
209 266 3
209 270 4
209 275 4
209 276 4
209 283 4
209 285 3
209 286 4
209 288 3
209 300 4
209 303 3
209 318 4
209 321 4
209 322 4
209 325 4
209 327 3
209 339 3
209 343 4
209 357 3
209 367 4
209 381 4
209 382 3
209 404 3
209 427 3
209 428 4
209 429 4
209 430 3
209 433 4
209 435 4
209 461 4
209 478 4
209 479 4
209 480 4
209 481 3
209 482 4
209 483 4
209 485 4
209 486 4
209 489 3
209 491 4
209 493 4
209 496 4
209 497 4
209 498 4
209 504 4
209 505 4
209 514 4
209 516 4
209 518 3
209 520 4
209 523 4
209 526 3
209 527 4
209 528 4
209 530 3
209 604 4
209 606 4
209 607 3
209 608 4
209 609 4
209 615 3
209 618 4
209 631 4
209 633 3
209 647 4
209 654 4
209 659 3
209 661 4
209 664 3
209 676 4
209 680 4
209 684 3
209 708 4
209 709 4
209 714 4
209 733 4
209 749 3
209 855 4
209 877 3
209 879 3
209 937 3
209 945 4
209 965 3
209 995 4
210 258 3
210 269 3
210 286 3
210 289 2
210 300 3
210 311 2
210 312 2
210 313 3
210 315 2
210 316 3
210 323 3
210 328 2
210 340 2
210 354 2
210 690 2
210 754 3
210 873 3
210 898 3
210 905 3
211 1 3
211 4 4
211 9 4
211 22 4
211 38 4
211 56 3
211 73 4
211 88 4
211 117 4
211 161 4
211 168 4
211 172 4
211 181 4
211 186 4
211 195 4
211 196 3
211 208 4
211 209 4
211 210 4
211 222 4
211 227 4
211 228 3
211 229 4
211 230 4
211 258 4
211 265 4
211 276 4
211 318 4
211 405 3
211 435 4
211 449 4
211 451 3
211 485 4
211 527 3
211 566 3
211 568 3
211 651 4
211 655 3
211 709 4
211 720 3
211 732 4
211 770 4
212 4 3
212 7 3
212 23 3
212 24 3
212 28 3
212 56 3
212 64 3
212 70 3
212 81 3
212 92 3
212 96 3
212 150 3
212 154 3
212 172 3
212 173 3
212 175 3
212 182 3
212 186 3
212 193 3
212 206 3
212 211 3
212 218 3
212 276 3
212 288 3
212 318 3
212 340 3
212 408 3
212 427 3
212 436 3
212 480 3
212 487 3
212 508 3
212 526 3
212 634 3
212 651 3
212 684 3
212 724 3
213 7 3
213 9 3
213 15 3
213 50 3
213 124 3
213 181 3
213 222 3
213 236 3
213 245 3
213 255 3
213 257 3
213 258 3
213 260 3
213 269 3
213 271 3
213 275 3
213 286 3
213 297 3
213 300 3
213 301 3
213 302 3
213 303 3
213 306 3
213 326 3
213 328 3
213 332 3
213 471 3
213 508 3
213 628 3
213 690 3
213 877 3
213 936 3
214 100 4
214 258 4
214 260 4
214 294 4
214 300 4
214 301 4
214 302 4
214 325 4
214 340 3
214 343 4
214 678 4
214 748 4
215 56 3
215 185 3
215 195 4
215 243 3
215 269 4
215 322 4
215 323 4
215 328 3
215 432 3
215 531 4
215 748 4
215 754 4
216 1 3
216 2 4
216 7 4
216 8 4
216 9 4
216 10 4
216 11 4
216 12 4
216 13 4
216 14 3
216 21 4
216 22 4
216 24 4
216 25 3
216 27 3
216 28 3
216 29 4
216 31 3
216 32 4
216 36 4
216 38 4
216 41 3
216 42 4
216 43 4
216 44 4
216 49 4
216 50 4
216 51 4
216 53 3
216 54 4
216 55 3
216 56 3
216 58 3
216 64 4
216 65 3
216 66 4
216 67 3
216 69 4
216 70 4
216 71 4
216 73 4
216 77 3
216 81 3
216 82 4
216 83 4
216 85 4
216 86 4
216 87 4
216 88 4
216 90 4
216 92 4
216 93 4
216 94 4
216 97 3
216 98 4
216 99 4
216 105 4
216 106 4
216 107 3
216 117 4
216 121 4
216 123 4
216 125 3
216 126 3
216 127 4
216 132 4
216 133 4
216 134 4
216 136 4
216 137 4
216 140 3
216 142 4
216 143 3
216 144 4
216 148 4
216 154 3
216 155 4
216 156 4
216 157 4
216 158 3
216 159 4
216 161 4
216 168 4
216 172 4
216 174 4
216 176 4
216 178 3
216 181 4
216 182 4
216 183 4
216 185 3
216 187 3
216 191 4
216 194 4
216 195 4
216 196 4
216 197 3
216 199 4
216 200 4
216 202 4
216 203 4
216 204 4
216 209 4
216 210 4
216 211 3
216 213 4
216 215 4
216 216 4
216 217 4
216 219 3
216 220 3
216 225 3
216 226 3
216 230 4
216 234 4
216 237 4
216 238 4
216 239 4
216 240 3
216 241 4
216 242 3
216 245 4
216 246 4
216 248 3
216 249 4
216 250 4
216 251 4
216 252 4
216 253 4
216 254 3
216 257 4
216 258 4
216 259 3
216 264 4
216 266 3
216 268 3
216 272 4
216 274 4
216 275 4
216 276 4
216 277 4
216 281 4
216 283 4
216 284 4
216 285 4
216 286 3
216 287 4
216 288 3
216 289 4
216 294 4
216 295 4
216 297 4
216 298 3
216 301 4
216 304 4
216 307 4
216 312 3
216 313 4
216 315 3
216 316 4
216 317 4
216 318 4
216 319 3
216 322 4
216 323 4
216 326 4
216 327 4
216 328 3
216 329 4
216 331 4
216 332 4
216 333 4
216 338 3
216 339 3
216 346 4
216 347 3
216 348 3
216 354 4
216 356 3
216 357 3
216 364 4
216 366 4
216 367 4
216 369 3
216 375 3
216 378 4
216 385 4
216 388 4
216 393 3
216 395 3
216 396 3
216 399 4
216 401 4
216 402 4
216 403 3
216 404 3
216 405 4
216 411 4
216 412 4
216 417 4
216 418 4
216 419 3
216 423 4
216 425 3
216 427 3
216 431 4
216 432 3
216 433 3
216 443 3
216 448 4
216 451 3
216 452 4
216 462 4
216 463 4
216 468 3
216 469 4
216 471 3
216 472 3
216 473 3
216 475 3
216 476 3
216 479 4
216 480 4
216 496 4
216 498 4
216 500 4
216 501 4
216 506 4
216 509 3
216 515 4
216 526 4
216 531 4
216 532 4
216 538 4
216 546 4
216 549 4
216 553 4
216 554 4
216 559 3
216 560 4
216 564 4
216 568 4
216 576 4
216 578 4
216 585 4
216 588 3
216 591 4
216 592 4
216 607 4
216 614 4
216 619 4
216 625 3
216 627 4
216 628 4
216 633 4
216 651 4
216 652 4
216 657 4
216 658 4
216 660 3
216 662 3
216 676 4
216 678 4
216 682 4
216 684 4
216 685 3
216 686 3
216 689 3
216 690 3
216 693 4
216 696 4
216 699 4
216 707 3
216 708 4
216 710 4
216 712 4
216 713 4
216 717 4
216 720 3
216 721 4
216 723 3
216 724 4
216 729 3
216 734 4
216 735 4
216 737 4
216 738 3
216 739 4
216 746 4
216 747 4
216 748 4
216 750 4
216 754 4
216 755 4
216 761 3
216 762 4
216 768 4
216 770 4
216 775 4
216 778 4
216 781 4
216 783 4
216 785 4
216 790 4
216 792 3
216 794 4
216 795 4
216 803 3
216 807 3
216 812 4
216 815 4
216 819 4
216 821 4
216 824 3
216 827 4
216 833 4
216 834 4
216 840 4
216 842 4
216 843 4
216 845 4
216 849 4
216 864 3
216 866 3
216 873 4
216 874 4
216 879 3
216 895 4
216 915 3
216 916 4
216 917 4
216 918 4
216 928 3
216 929 4
216 931 4
216 934 4
216 936 4
216 937 4
216 938 4
216 941 4
216 955 4
216 959 4
216 966 4
216 972 4
216 975 4
216 980 4
216 985 4
216 990 4
216 997 4
217 1 3
217 3 3
217 5 3
217 7 3
217 11 3
217 12 3
217 13 3
217 15 3
217 16 3
217 17 3
217 20 3
217 23 3
217 27 3
217 29 3
217 32 3
217 39 3
217 42 3
217 44 3
217 47 3
217 50 3
217 51 3
217 55 3
217 56 3
217 58 3
217 62 3
217 63 3
217 64 3
217 65 3
217 67 3
217 68 3
217 69 3
217 70 3
217 72 3
217 73 3
217 77 3
217 78 3
217 79 3
217 80 3
217 81 3
217 82 3
217 83 3
217 89 3
217 91 3
217 95 3
217 96 3
217 97 3
217 98 3
217 99 3
217 100 3
217 101 3
217 106 3
217 109 3
217 118 3
217 120 3
217 122 3
217 123 3
217 125 3
217 127 3
217 131 3
217 132 3
217 135 3
217 139 3
217 142 3
217 144 3
217 145 3
217 147 3
217 154 3
217 157 3
217 159 3
217 162 3
217 164 3
217 167 3
217 168 3
217 169 3
217 171 3
217 172 3
217 173 3
217 174 3
217 176 3
217 178 3
217 179 3
217 181 3
217 182 3
217 183 3
217 184 3
217 186 3
217 190 3
217 195 3
217 196 3
217 198 3
217 200 3
217 201 3
217 202 3
217 206 3
217 207 3
217 208 3
217 214 3
217 216 3
217 217 3
217 218 3
217 219 3
217 222 3
217 223 3
217 226 3
217 228 3
217 232 3
217 234 3
217 235 3
217 242 3
217 245 3
217 246 3
217 248 3
217 250 3
217 252 3
217 255 3
217 257 3
217 258 3
217 260 3
217 264 3
217 265 3
217 270 3
217 273 3
217 286 3
217 288 3
217 290 3
217 293 3
217 294 3
217 298 3
217 323 3
217 324 3
217 325 3
217 326 3
217 340 3
217 357 3
217 358 3
217 364 3
217 367 3
217 373 3
217 380 3
217 382 3
217 385 3
217 386 3
217 388 3
217 391 3
217 392 3
217 393 3
217 395 3
217 396 3
217 399 3
217 402 3
217 403 3
217 404 3
217 413 3
217 419 3
217 420 3
217 421 3
217 422 3
217 423 3
217 425 3
217 428 3
217 431 3
217 433 3
217 436 3
217 441 3
217 444 3
217 447 3
217 449 3
217 451 3
217 452 3
217 461 3
217 465 3
217 472 3
217 474 3
217 475 3
217 483 3
217 484 3
217 485 3
217 498 3
217 501 3
217 508 3
217 513 3
217 518 3
217 541 3
217 544 3
217 545 3
217 546 3
217 551 3
217 552 3
217 555 3
217 559 3
217 561 3
217 562 3
217 563 3
217 574 3
217 578 3
217 579 3
217 582 3
217 596 3
217 597 3
217 614 3
217 616 3
217 625 3
217 628 3
217 631 3
217 636 3
217 638 3
217 640 3
217 642 3
217 655 3
217 658 3
217 665 3
217 668 3
217 669 3
217 674 3
217 679 3
217 684 3
217 685 3
217 692 3
217 708 3
217 709 3
217 710 3
217 715 3
217 723 3
217 725 3
217 727 3
217 728 3
217 732 3
217 742 3
217 746 3
217 747 3
217 748 3
217 758 3
217 762 3
217 764 3
217 765 3
217 767 3
217 769 3
217 774 3
217 778 3
217 781 3
217 783 3
217 792 3
217 796 3
217 797 3
217 800 3
217 804 3
217 809 3
217 810 3
217 815 3
217 825 3
217 827 3
217 831 3
217 849 3
217 855 3
217 871 3
217 895 3
217 923 3
217 928 3
217 940 3
217 943 3
217 944 3
217 946 3
217 963 3
217 979 3
217 999 3
217 1000 3
218 258 3
218 269 3
218 288 2
218 301 2
218 302 3
218 313 3
218 327 3
218 328 2
218 331 2
218 362 3
218 750 3
218 895 3
218 899 2
219 50 4
219 79 3
219 89 4
219 100 4
219 173 4
219 181 4
219 223 4
219 257 4
219 275 4
219 286 3
219 405 3
219 478 4
219 488 4
219 615 3
219 617 4
219 705 4
220 19 3
220 86 3
220 100 3
220 116 3
220 137 3
220 251 3
220 275 3
220 283 3
220 302 3
220 319 3
220 331 3
220 408 3
220 475 3
220 478 3
220 508 3
220 513 3
220 603 3
220 750 3
220 753 3
221 4 3
221 7 3
221 11 3
221 12 3
221 50 3
221 56 2
221 82 3
221 87 3
221 89 3
221 96 3
221 100 3
221 117 3
221 124 3
221 127 3
221 129 2
221 144 3
221 156 3
221 164 3
221 172 3
221 174 3
221 175 3
221 176 3
221 182 3
221 183 3
221 185 3
221 194 3
221 200 3
221 213 3
221 218 3
221 219 3
221 238 3
221 302 3
221 333 3
221 443 3
221 448 3
221 466 3
221 516 3
221 517 3
221 653 3
221 657 3
221 672 3
221 709 3
221 879 3
221 914 3
221 915 3
222 1 3
222 15 3
222 50 3
222 53 3
222 98 3
222 100 3
222 109 3
222 117 3
222 124 3
222 126 3
222 127 3
222 129 3
222 137 3
222 151 3
222 181 3
222 184 3
222 200 3
222 201 3
222 217 3
222 219 3
222 222 3
222 235 3
222 250 3
222 257 3
222 258 3
222 260 3
222 270 3
222 273 3
222 276 3
222 286 3
222 287 3
222 288 3
222 293 3
222 294 3
222 299 3
222 307 3
222 324 3
222 326 3
222 327 3
222 334 3
222 370 3
222 379 3
222 396 3
222 410 3
222 436 3
222 447 3
222 448 3
222 452 3
222 458 3
222 475 3
222 477 3
222 515 3
222 551 3
222 558 3
222 559 3
222 561 3
222 590 3
222 665 3
222 670 3
222 671 3
222 672 3
222 682 3
222 742 3
222 760 3
222 854 3
222 867 3
222 919 3
222 922 3
222 926 3
223 9 3
223 15 3
223 127 3
223 148 3
223 237 3
223 245 3
223 258 3
223 269 3
223 272 3
223 276 3
223 282 3
223 286 3
223 299 3
223 300 3
223 304 3
223 307 3
223 310 3
223 313 3
223 315 3
223 322 3
223 323 3
223 326 3
223 327 3
223 328 3
223 329 3
223 333 3
223 340 3
223 344 3
223 347 3
223 355 3
223 471 3
223 546 3
223 591 3
223 628 3
223 678 3
223 689 3
223 696 3
223 744 3
223 748 3
223 750 3
223 754 3
223 823 3
223 879 3
223 898 3
223 924 3
223 977 3
224 1 4
224 14 3
224 15 4
224 25 3
224 50 4
224 100 4
224 115 3
224 127 4
224 151 4
224 172 4
224 243 3
224 261 4
224 275 4
224 288 3
224 289 3
224 310 4
224 323 4
224 333 4
224 427 3
224 508 4
224 538 4
224 681 4
224 683 4
224 689 4
224 882 4
225 1 2
225 2 3
225 7 3
225 17 3
225 22 3
225 24 3
225 32 3
225 38 3
225 39 3
225 53 2
225 55 3
225 62 3
225 68 3
225 79 2
225 82 3
225 83 3
225 98 3
225 100 3
225 117 3
225 118 3
225 121 3
225 124 3
225 127 3
225 144 3
225 147 2
225 156 2
225 168 3
225 171 3
225 172 3
225 174 3
225 176 3
225 177 3
225 178 3
225 180 3
225 183 3
225 185 2
225 187 3
225 188 3
225 191 3
225 195 3
225 198 3
225 200 3
225 201 3
225 204 3
225 207 3
225 209 3
225 210 3
225 218 3
225 222 3
225 227 3
225 229 3
225 230 3
225 231 3
225 232 3
225 234 3
225 241 3
225 244 2
225 250 3
225 252 3
225 257 3
225 259 3
225 271 2
225 272 3
225 273 2
225 281 3
225 286 3
225 288 2
225 298 2
225 302 3
225 305 3
225 307 3
225 310 3
225 313 3
225 316 3
225 318 3
225 322 3
225 323 3
225 324 2
225 325 3
225 327 2
225 333 3
225 338 2
225 340 2
225 343 2
225 346 3
225 355 3
225 357 2
225 358 2
225 362 3
225 363 3
225 379 3
225 385 3
225 398 2
225 424 2
225 429 3
225 445 2
225 447 3
225 448 3
225 452 3
225 474 2
225 475 2
225 491 3
225 515 3
225 520 3
225 522 3
225 529 3
225 538 3
225 540 3
225 550 2
225 562 3
225 566 2
225 568 2
225 573 3
225 576 3
225 583 3
225 590 3
225 597 3
225 636 2
225 669 3
225 670 3
225 675 3
225 678 3
225 679 3
225 686 2
225 690 2
225 748 3
225 750 3
225 751 3
225 759 3
225 823 3
225 825 2
225 831 3
225 841 3
225 853 3
225 877 3
225 879 3
225 895 3
225 912 3
225 943 3
225 976 3
226 23 4
226 50 4
226 98 4
226 99 4
226 133 4
226 134 4
226 135 4
226 168 4
226 174 4
226 178 4
226 182 4
226 185 4
226 191 4
226 196 3
226 197 4
226 199 4
226 200 4
226 204 4
226 208 4
226 211 4
226 318 4
226 418 4
226 427 3
226 428 4
226 430 3
226 432 4
226 435 4
226 474 3
226 478 4
226 480 4
226 483 4
226 486 4
226 488 4
226 490 4
226 491 4
226 492 3
226 493 4
226 494 4
226 504 4
226 505 4
226 510 4
226 511 3
226 524 4
226 525 4
226 526 4
226 601 4
226 603 3
226 605 4
226 606 4
226 607 4
226 608 4
226 610 4
226 613 4
226 614 4
226 616 4
226 631 4
226 633 4
226 646 4
226 648 4
226 651 4
226 653 4
226 654 4
226 655 4
226 657 4
226 673 4
226 705 4
226 754 4
226 835 3
226 836 4
226 848 4
227 245 4
227 258 4
227 263 4
227 286 4
227 292 4
227 300 4
227 302 4
227 303 4
227 304 3
227 319 3
227 332 4
227 341 4
227 359 4
227 680 4
227 681 4
227 682 4
227 688 4
227 874 4
228 243 2
228 259 3
228 268 3
228 271 3
228 272 3
228 286 3
228 289 2
228 294 3
228 300 3
228 301 2
228 305 3
228 307 3
228 312 2
228 313 3
228 322 3
228 323 3
228 326 3
228 329 3
228 332 3
228 334 3
228 338 3
228 344 3
228 350 3
228 538 3
228 690 3
228 750 3
228 875 3
228 877 3
228 879 3
228 886 3
228 896 3
228 908 3
228 988 3
229 1 2
229 2 2
229 3 2
229 4 2
229 7 2
229 8 2
229 12 2
229 15 2
229 21 2
229 22 2
229 23 2
229 24 2
229 26 1
229 28 1
229 31 1
229 32 2
229 45 2
229 47 2
229 48 2
229 50 2
229 52 2
229 53 1
229 55 2
229 56 2
229 58 1
229 62 2
229 63 2
229 64 2
229 66 2
229 68 2
229 69 2
229 70 2
229 72 2
229 73 2
229 77 2
229 79 2
229 81 2
229 82 2
229 83 2
229 85 2
229 86 2
229 87 2
229 88 2
229 89 2
229 90 2
229 91 2
229 92 2
229 93 2
229 95 2
229 96 2
229 97 2
229 101 2
229 109 2
229 114 1
229 117 2
229 118 2
229 123 2
229 124 2
229 127 2
229 128 2
229 132 2
229 133 2
229 134 2
229 137 2
229 140 2
229 141 2
229 143 1
229 144 2
229 150 2
229 151 2
229 153 2
229 154 1
229 157 2
229 159 2
229 161 2
229 162 2
229 163 2
229 164 2
229 165 2
229 166 2
229 168 2
229 170 2
229 172 2
229 174 2
229 178 1
229 179 2
229 181 2
229 183 2
229 184 2
229 185 2
229 186 2
229 188 2
229 190 2
229 191 2
229 193 2
229 195 2
229 197 2
229 201 2
229 202 2
229 203 2
229 207 2
229 208 2
229 209 2
229 210 2
229 211 1
229 214 2
229 216 2
229 218 2
229 219 2
229 223 2
229 225 2
229 229 2
229 232 2
229 233 2
229 237 2
229 238 2
229 248 2
229 249 2
229 250 2
229 258 2
229 264 2
229 265 2
229 273 2
229 274 2
229 275 2
229 276 2
229 277 2
229 280 1
229 281 2
229 282 2
229 283 2
229 288 1
229 290 2
229 291 2
229 298 1
229 301 2
229 318 2
229 319 2
229 321 2
229 340 1
229 356 2
229 365 2
229 366 2
229 367 2
229 371 2
229 378 2
229 385 2
229 387 2
229 392 2
229 393 2
229 403 1
229 404 1
229 405 2
229 410 2
229 411 2
229 415 2
229 418 2
229 419 1
229 423 2
229 427 2
229 428 2
229 431 2
229 432 2
229 433 2
229 435 2
229 436 2
229 441 2
229 448 2
229 455 2
229 457 2
229 464 2
229 466 1
229 467 2
229 468 2
229 470 2
229 473 1
229 475 1
229 480 2
229 481 2
229 482 2
229 483 2
229 484 2
229 485 2
229 491 2
229 493 2
229 495 1
229 496 2
229 499 2
229 500 2
229 502 2
229 504 2
229 505 2
229 508 2
229 511 1
229 514 2
229 520 2
229 527 2
229 531 2
229 535 2
229 537 2
229 546 2
229 549 2
229 550 2
229 566 2
229 568 2
229 569 2
229 570 2
229 578 2
229 581 2
229 584 2
229 591 2
229 602 2
229 603 2
229 611 2
229 625 2
229 627 2
229 628 2
229 629 2
229 631 1
229 633 2
229 635 2
229 636 2
229 640 2
229 642 2
229 652 2
229 654 2
229 655 2
229 658 2
229 662 1
229 665 2
229 671 2
229 672 2
229 673 1
229 679 2
229 684 2
229 692 2
229 693 1
229 700 2
229 702 2
229 705 2
229 708 1
229 709 2
229 710 2
229 726 2
229 729 1
229 732 2
229 735 2
229 742 2
229 744 1
229 747 2
229 755 1
229 756 2
229 761 1
229 762 2
229 763 2
229 768 2
229 780 2
229 794 2
229 804 2
229 805 2
229 806 2
229 820 2
229 826 2
229 833 2
229 845 2
229 847 2
229 921 2
229 928 2
229 941 2
229 944 2
229 961 2
229 967 1
229 972 2
230 9 3
230 10 3
230 12 3
230 19 3
230 42 3
230 50 3
230 56 3
230 98 3
230 100 3
230 101 3
230 117 3
230 129 3
230 137 3
230 152 3
230 164 3
230 165 3
230 181 3
230 221 3
230 222 3
230 234 3
230 237 3
230 248 3
230 253 3
230 258 3
230 264 3
230 273 3
230 276 3
230 286 3
230 288 3
230 293 3
230 294 3
230 300 3
230 302 3
230 318 3
230 328 3
230 436 3
230 514 3
230 515 3
230 527 3
230 528 3
230 547 3
230 628 3
230 674 3
231 286 4
231 307 4
231 322 4
231 323 4
231 327 3
231 358 3
231 538 4
231 690 3
231 748 4
231 879 4
231 988 4
232 1 3
232 7 3
232 24 3
232 50 3
232 93 3
232 100 3
232 108 3
232 109 3
232 111 3
232 117 3
232 118 3
232 121 3
232 123 3
232 151 3
232 181 3
232 222 3
232 246 3
232 248 3
232 249 3
232 250 3
232 257 3
232 258 3
232 274 3
232 276 3
232 284 3
232 294 3
232 295 3
232 300 3
232 315 3
232 322 3
232 405 3
232 410 3
232 411 3
232 471 3
232 508 3
232 546 3
232 620 3
232 628 3
232 678 3
232 742 3
232 763 3
232 815 3
232 844 3
232 845 3
233 59 3
233 60 3
233 95 3
233 173 3
233 174 3
233 194 3
233 246 3
233 268 2
233 269 3
233 273 3
233 276 3
233 293 3
233 302 3
233 303 3
233 322 3
233 323 3
233 326 3
233 333 3
233 340 2
233 435 3
233 474 2
233 507 3
233 657 3
233 682 3
233 690 3
233 748 3
233 754 3
233 919 3
234 9 3
234 111 3
234 121 3
234 125 3
234 147 3
234 148 3
234 151 3
234 225 3
234 274 3
234 275 3
234 283 3
234 287 3
234 288 3
234 347 3
234 369 3
234 406 3
234 471 3
234 476 3
234 546 3
234 628 3
234 756 3
234 763 3
234 815 3
234 819 3
234 833 3
234 844 3
234 928 3
234 975 3
235 1 3
235 3 4
235 4 4
235 5 4
235 7 4
235 9 4
235 11 4
235 12 4
235 15 4
235 21 3
235 22 4
235 23 4
235 24 3
235 25 3
235 27 3
235 28 3
235 31 3
235 38 4
235 40 4
235 42 4
235 45 4
235 49 4
235 50 4
235 52 4
235 54 4
235 62 4
235 63 3
235 64 4
235 67 3
235 68 4
235 69 4
235 71 4
235 72 4
235 73 4
235 80 4
235 82 4
235 83 3
235 85 4
235 86 4
235 89 4
235 95 3
235 96 4
235 100 4
235 105 4
235 108 4
235 109 4
235 111 4
235 115 3
235 117 4
235 118 4
235 121 4
235 122 4
235 123 4
235 125 3
235 128 4
235 132 4
235 135 4
235 136 4
235 141 4
235 148 4
235 151 4
235 152 4
235 153 3
235 154 3
235 156 3
235 157 3
235 159 4
235 160 3
235 161 4
235 162 4
235 163 3
235 164 4
235 167 3
235 168 4
235 171 4
235 172 4
235 173 4
235 174 4
235 175 3
235 176 4
235 182 4
235 183 4
235 184 4
235 185 3
235 186 4
235 187 3
235 188 4
235 190 4
235 191 4
235 195 4
235 196 3
235 199 4
235 200 4
235 204 4
235 206 3
235 211 4
235 214 3
235 215 3
235 216 4
235 217 3
235 218 4
235 219 4
235 222 4
235 225 4
235 226 3
235 227 4
235 228 4
235 229 4
235 230 4
235 234 4
235 239 4
235 240 3
235 245 4
235 246 4
235 250 4
235 252 4
235 254 4
235 255 4
235 257 4
235 258 4
235 260 4
235 264 4
235 273 3
235 284 4
235 290 4
235 291 4
235 294 4
235 299 4
235 300 4
235 307 4
235 313 4
235 317 3
235 318 4
235 321 4
235 327 4
235 331 4
235 338 3
235 343 3
235 351 4
235 354 3
235 357 3
235 358 3
235 367 4
235 369 3
235 376 4
235 380 4
235 381 4
235 382 4
235 384 4
235 385 4
235 386 4
235 392 3
235 393 3
235 394 4
235 399 3
235 402 4
235 403 3
235 404 4
235 410 3
235 411 4
235 413 4
235 423 4
235 424 4
235 431 4
235 433 3
235 434 4
235 435 4
235 436 4
235 443 3
235 447 4
235 448 4
235 451 3
235 455 4
235 462 4
235 465 4
235 470 3
235 473 3
235 474 3
235 476 3
235 520 4
235 541 3
235 542 4
235 546 4
235 550 3
235 554 4
235 561 4
235 566 4
235 567 3
235 568 3
235 569 4
235 571 4
235 572 4
235 573 4
235 576 4
235 577 3
235 578 4
235 584 4
235 587 4
235 588 3
235 597 4
235 616 4
235 625 3
235 628 4
235 631 3
235 637 4
235 640 4
235 649 4
235 652 3
235 655 4
235 659 4
235 665 4
235 672 4
235 673 3
235 675 4
235 679 4
235 684 3
235 693 3
235 696 4
235 697 4
235 710 4
235 713 4
235 715 4
235 717 4
235 720 3
235 729 3
235 732 4
235 743 4
235 746 4
235 748 4
235 751 4
235 752 4
235 756 3
235 760 4
235 762 3
235 780 3
235 781 4
235 786 3
235 790 4
235 792 3
235 797 4
235 800 4
235 820 4
235 821 4
235 825 3
235 826 4
235 831 4
235 834 4
235 841 4
235 845 4
235 862 4
235 885 4
235 890 4
235 895 4
235 924 4
235 926 4
235 928 3
235 929 4
235 943 4
235 944 4
235 961 4
235 977 4
235 983 3
236 21 4
236 23 4
236 26 3
236 38 4
236 39 3
236 43 3
236 47 4
236 65 3
236 66 4
236 72 4
236 73 4
236 83 4
236 90 4
236 92 3
236 95 4
236 96 4
236 98 4
236 102 4
236 111 4
236 125 4
236 132 4
236 133 4
236 157 4
236 159 4
236 161 4
236 168 4
236 172 4
236 174 4
236 179 4
236 186 4
236 200 4
236 204 4
236 215 3
236 216 4
236 217 4
236 218 4
236 219 4
236 226 3
236 238 4
236 265 4
236 276 4
236 287 4
236 288 3
236 313 4
236 325 4
236 327 4
236 340 3
236 347 3
236 367 4
236 381 4
236 392 4
236 400 4
236 411 4
236 433 4
236 447 4
236 454 4
236 503 4
236 504 4
236 506 4
236 537 3
236 546 4
236 553 4
236 559 3
236 568 4
236 581 4
236 585 4
236 595 4
236 628 4
236 642 4
236 649 4
236 655 4
236 658 4
236 660 4
236 708 4
236 710 4
236 715 4
236 721 4
236 723 4
236 739 4
236 742 3
236 746 4
236 748 4
236 761 3
236 762 4
236 785 4
236 787 4
236 790 4
236 794 4
236 821 4
236 845 4
236 895 4
236 974 4
237 5 3
237 11 3
237 12 3
237 14 3
237 28 3
237 30 3
237 42 3
237 47 3
237 50 3
237 56 3
237 58 3
237 65 3
237 69 3
237 70 3
237 77 3
237 79 3
237 82 3
237 83 3
237 86 3
237 87 3
237 88 3
237 89 3
237 90 3
237 91 3
237 95 3
237 97 3
237 98 3
237 99 3
237 111 3
237 116 3
237 118 3
237 124 3
237 131 3
237 132 3
237 133 3
237 134 3
237 137 3
237 143 3
237 144 3
237 145 3
237 151 3
237 154 3
237 155 3
237 161 3
237 162 3
237 166 3
237 168 3
237 170 3
237 173 3
237 174 3
237 176 3
237 179 3
237 180 3
237 181 3
237 183 3
237 185 3
237 186 3
237 190 3
237 191 3
237 195 3
237 197 3
237 204 3
237 207 3
237 208 3
237 211 3
237 212 3
237 213 3
237 214 3
237 216 3
237 217 3
237 218 3
237 219 3
237 229 3
237 234 3
237 237 3
237 238 3
237 239 3
237 244 3
237 253 3
237 254 3
237 265 3
237 275 3
237 276 3
237 281 3
237 283 3
237 286 3
237 287 3
237 288 3
237 292 3
237 301 3
237 318 3
237 378 3
237 381 3
237 393 3
237 402 3
237 404 3
237 412 3
237 415 3
237 418 3
237 419 3
237 421 3
237 423 3
237 428 3
237 432 3
237 433 3
237 435 3
237 436 3
237 447 3
237 450 3
237 451 3
237 463 3
237 466 3
237 473 3
237 478 3
237 480 3
237 482 3
237 483 3
237 484 3
237 485 3
237 496 3
237 497 3
237 499 3
237 501 3
237 507 3
237 512 3
237 514 3
237 517 3
237 518 3
237 521 3
237 523 3
237 559 3
237 566 3
237 581 3
237 582 3
237 583 3
237 584 3
237 588 3
237 603 3
237 607 3
237 614 3
237 629 3
237 640 3
237 642 3
237 651 3
237 652 3
237 654 3
237 655 3
237 657 3
237 660 3
237 663 3
237 665 3
237 672 3
237 674 3
237 683 3
237 684 3
237 692 3
237 696 3
237 697 3
237 698 3
237 699 3
237 702 3
237 705 3
237 707 3
237 708 3
237 709 3
237 710 3
237 727 3
237 730 3
237 732 3
237 736 3
237 737 3
237 739 3
237 746 3
237 747 3
237 748 3
237 753 3
237 755 3
237 770 3
237 778 3
237 781 3
237 794 3
237 812 3
237 842 3
237 843 3
237 946 3
237 955 3
237 969 3
238 15 3
238 21 3
238 100 3
238 118 3
238 121 3
238 181 3
238 220 3
238 237 3
238 245 3
238 255 3
238 269 3
238 280 3
238 286 3
238 321 3
238 471 3
238 476 3
238 815 3
238 866 3
239 7 3
239 13 3
239 14 3
239 100 3
239 121 3
239 147 3
239 237 3
239 240 3
239 242 3
239 246 3
239 257 3
239 273 3
239 276 3
239 282 3
239 285 3
239 288 3
239 301 3
239 405 3
239 475 3
239 591 3
239 895 3
240 70 3
240 171 3
240 198 3
240 242 3
240 243 2
240 271 2
240 272 3
240 283 3
240 300 3
240 310 3
240 312 2
240 313 3
240 328 2
240 329 3
240 340 2
240 350 2
240 512 3
240 515 3
240 582 3
240 690 2
240 736 3
240 749 3
240 750 3
240 751 3
240 886 3
240 904 3
240 921 3
240 937 3
241 1 3
241 7 4
241 9 4
241 15 4
241 25 3
241 121 4
241 259 4
241 288 3
241 294 4
241 683 4
242 7 3
242 11 3
242 12 3
242 14 2
242 17 3
242 22 3
242 26 2
242 27 2
242 29 3
242 31 2
242 33 3
242 38 3
242 39 3
242 41 2
242 42 3
242 44 3
242 53 2
242 54 3
242 55 3
242 56 2
242 62 3
242 64 3
242 67 3
242 68 3
242 79 2
242 82 3
242 98 3
242 100 3
242 117 3
242 129 2
242 144 3
242 150 3
242 154 3
242 156 2
242 159 3
242 161 3
242 168 3
242 174 3
242 176 3
242 177 3
242 182 3
242 184 3
242 186 3
242 195 3
242 203 3
242 204 3
242 209 3
242 210 3
242 219 3
242 226 2
242 228 3
242 229 3
242 230 3
242 231 3
242 234 3
242 240 2
242 273 2
242 276 3
242 281 3
242 286 3
242 288 2
242 294 3
242 318 3
242 342 3
242 350 3
242 367 3
242 385 3
242 401 3
242 403 2
242 410 3
242 436 3
242 449 3
242 452 3
242 482 3
242 508 3
242 546 3
242 554 3
242 559 2
242 569 3
242 572 3
242 576 3
242 578 3
242 591 3
242 628 3
242 635 3
242 636 2
242 672 3
242 684 2
242 685 2
242 695 3
242 710 3
242 746 3
242 769 3
242 780 2
242 800 3
242 810 3
242 834 3
242 873 3
242 943 3
242 975 3
243 12 3
243 271 3
243 309 3
243 313 3
243 340 3
243 343 3
243 358 3
243 644 3
243 678 3
243 687 3
244 9 3
244 50 3
244 100 3
244 245 3
244 251 3
244 258 3
244 275 3
244 748 3
244 751 3
244 906 3
244 912 3
244 916 3
245 7 2
245 9 2
245 23 2
245 28 2
245 50 2
245 55 2
245 64 2
245 79 1
245 87 2
245 100 2
245 117 2
245 118 2
245 121 2
245 123 2
245 127 2
245 144 2
245 147 1
245 150 2
245 174 2
245 181 2
245 195 2
245 203 2
245 204 2
245 208 2
245 209 2
245 221 1
245 235 2
245 237 2
245 245 2
245 246 1
245 248 2
245 273 1
245 276 2
245 291 2
245 293 2
245 295 2
245 310 2
245 313 2
245 324 1
245 325 2
245 330 2
245 333 2
245 340 1
245 346 2
245 405 2
245 408 2
245 410 2
245 460 2
245 475 1
245 479 2
245 480 2
245 504 2
245 544 2
245 591 2
245 595 2
245 597 2
245 603 1
245 628 2
245 644 2
245 689 2
245 742 1
245 744 1
245 748 2
245 762 2
245 763 2
245 818 2
245 823 2
245 829 2
245 831 2
245 840 2
245 844 2
245 845 2
245 881 2
245 886 2
245 895 2
245 908 2
245 919 2
245 959 2
245 979 2
246 268 2
246 269 3
246 270 3
246 288 2
246 292 3
246 294 3
246 301 3
246 302 3
246 303 3
246 326 3
246 327 3
246 328 2
246 332 3
246 334 3
246 359 3
246 688 3
246 690 3
246 754 3
246 883 3
246 887 3
246 888 3
247 1 3
247 5 4
247 7 4
247 9 4
247 11 4
247 17 4
247 27 4
247 28 4
247 31 4
247 55 4
247 56 3
247 65 3
247 68 4
247 69 4
247 70 4
247 89 4
247 91 4
247 96 4
247 98 3
247 100 4
247 111 3
247 117 4
247 123 4
247 135 4
247 144 4
247 147 3
247 148 4
247 150 4
247 151 4
247 153 3
247 156 4
247 157 3
247 158 4
247 174 4
247 176 4
247 180 4
247 183 4
247 204 4
247 206 4
247 209 4
247 218 4
247 222 4
247 227 4
247 231 4
247 233 4
247 234 4
247 248 3
247 252 4
247 260 4
247 281 4
247 284 4
247 286 4
247 288 3
247 290 4
247 293 4
247 298 3
247 300 4
247 367 4
247 405 4
247 410 4
247 435 4
247 447 4
247 469 4
247 470 4
247 483 4
247 484 3
247 498 4
247 544 4
247 546 4
247 559 3
247 582 4
247 591 4
247 597 4
247 629 4
247 642 4
247 678 4
247 742 3
247 748 4
247 760 4
247 815 4
247 823 4
247 845 4
247 866 3
247 926 4
247 963 4
247 981 4
248 262 3
248 268 3
248 269 3
248 271 3
248 286 3
248 292 3
248 301 3
248 303 3
248 305 3
248 307 3
248 319 3
248 321 3
248 327 3
248 333 3
248 338 3
248 340 3
248 344 3
248 750 3
248 884 3
248 896 3
248 900 3
248 902 3
249 9 3
249 15 3
249 59 3
249 60 3
249 61 3
249 100 3
249 117 3
249 118 3
249 122 3
249 127 3
249 137 3
249 170 3
249 171 3
249 179 3
249 212 3
249 224 3
249 248 3
249 251 3
249 269 3
249 273 3
249 276 3
249 285 3
249 286 3
249 288 3
249 291 3
249 293 3
249 310 3
249 337 3
249 381 3
249 410 3
249 459 3
249 473 3
249 546 3
249 558 3
249 742 3
249 748 3
249 753 3
249 763 3
249 936 3
249 983 3
250 1 3
250 2 4
250 3 4
250 4 4
250 7 4
250 10 4
250 12 3
250 13 4
250 15 4
250 26 3
250 28 3
250 29 4
250 35 4
250 38 4
250 39 3
250 49 4
250 51 3
250 54 4
250 56 3
250 58 3
250 60 4
250 64 4
250 65 3
250 66 3
250 67 3
250 70 4
250 71 4
250 73 3
250 77 3
250 79 3
250 80 3
250 81 3
250 82 4
250 83 3
250 86 4
250 87 4
250 88 4
250 89 4
250 90 4
250 92 4
250 94 3
250 95 3
250 97 3
250 98 3
250 99 4
250 100 4
250 101 4
250 110 4
250 112 4
250 114 3
250 117 4
250 121 4
250 123 4
250 125 3
250 126 3
250 127 4
250 131 4
250 132 3
250 133 4
250 134 3
250 135 3
250 136 4
250 139 4
250 141 4
250 142 3
250 143 3
250 144 4
250 145 4
250 152 4
250 153 3
250 154 3
250 155 4
250 157 3
250 158 3
250 161 4
250 162 4
250 163 3
250 164 4
250 166 4
250 167 4
250 168 4
250 169 3
250 173 4
250 174 4
250 176 4
250 177 3
250 179 3
250 180 3
250 182 4
250 183 4
250 185 3
250 187 3
250 191 4
250 192 3
250 193 4
250 194 4
250 195 4
250 196 3
250 197 4
250 199 4
250 200 4
250 202 4
250 203 3
250 204 4
250 205 3
250 207 4
250 208 4
250 210 4
250 211 3
250 215 3
250 216 4
250 218 4
250 222 4
250 223 4
250 225 4
250 226 3
250 227 4
250 229 4
250 231 4
250 233 4
250 237 3
250 238 3
250 239 3
250 241 4
250 245 4
250 252 4
250 254 3
250 258 4
250 264 4
250 265 4
250 269 4
250 270 4
250 272 3
250 274 4
250 275 4
250 277 4
250 278 3
250 280 3
250 281 4
250 282 3
250 283 3
250 288 3
250 290 4
250 292 4
250 294 4
250 299 3
250 300 3
250 301 3
250 302 4
250 304 3
250 305 4
250 310 4
250 311 3
250 312 3
250 313 4
250 315 3
250 316 3
250 328 3
250 332 4
250 340 3
250 354 3
250 357 3
250 367 3
250 371 3
250 373 4
250 378 4
250 380 4
250 381 4
250 382 4
250 383 3
250 384 4
250 385 4
250 387 4
250 393 3
250 395 3
250 396 3
250 400 4
250 401 4
250 402 4
250 414 4
250 416 3
250 417 3
250 418 4
250 419 3
250 421 4
250 422 3
250 428 4
250 431 4
250 432 4
250 433 3
250 434 3
250 435 4
250 443 3
250 448 4
250 451 3
250 455 4
250 462 3
250 465 4
250 467 3
250 469 4
250 470 3
250 471 3
250 472 3
250 474 3
250 476 3
250 477 4
250 478 4
250 479 3
250 480 3
250 481 3
250 482 4
250 483 4
250 484 3
250 487 4
250 488 3
250 490 4
250 491 4
250 493 4
250 494 4
250 495 3
250 496 4
250 497 4
250 499 3
250 500 3
250 502 4
250 503 3
250 505 3
250 506 4
250 507 3
250 509 3
250 510 4
250 511 3
250 514 4
250 518 3
250 520 4
250 523 4
250 525 4
250 526 4
250 527 3
250 528 3
250 530 3
250 535 4
250 549 3
250 550 3
250 553 4
250 557 4
250 558 4
250 559 3
250 561 3
250 566 3
250 568 3
250 570 4
250 582 3
250 583 4
250 589 4
250 591 4
250 602 3
250 604 4
250 606 4
250 607 4
250 608 4
250 609 4
250 610 3
250 611 4
250 612 4
250 613 4
250 614 4
250 618 3
250 620 4
250 622 4
250 629 4
250 630 3
250 631 3
250 632 4
250 633 3
250 637 4
250 642 4
250 647 4
250 648 4
250 650 4
250 651 3
250 655 4
250 657 3
250 659 4
250 660 3
250 661 4
250 663 3
250 673 3
250 679 4
250 685 3
250 686 3
250 689 3
250 692 3
250 693 3
250 700 4
250 704 4
250 705 4
250 707 4
250 708 3
250 709 4
250 710 3
250 712 3
250 714 4
250 715 3
250 716 4
250 717 4
250 723 4
250 727 4
250 728 4
250 729 3
250 731 3
250 735 3
250 736 3
250 742 3
250 747 4
250 748 4
250 751 4
250 761 3
250 762 3
250 765 4
250 771 3
250 774 4
250 775 4
250 778 3
250 783 3
250 785 4
250 790 4
250 792 3
250 794 4
250 801 4
250 807 4
250 815 4
250 821 4
250 823 3
250 832 4
250 837 4
250 842 4
250 845 4
250 846 4
250 847 4
250 865 4
250 869 4
250 873 4
250 878 4
250 900 4
250 902 3
250 904 4
250 905 4
250 908 4
250 921 3
250 923 4
250 926 4
250 928 3
250 934 4
250 936 4
250 939 3
250 940 4
250 942 4
250 951 3
250 956 4
250 965 4
250 966 4
250 967 3
250 969 3
251 242 3
251 243 3
251 259 3
251 260 3
251 262 3
251 268 3
251 269 3
251 270 3
251 286 3
251 288 2
251 289 3
251 292 3
251 294 3
251 299 3
251 300 3
251 301 2
251 303 3
251 305 3
251 307 3
251 308 3
251 319 2
251 322 3
251 323 3
251 325 3
251 327 2
251 328 2
251 329 3
251 330 3
251 331 2
251 332 3
251 333 3
251 336 3
251 337 2
251 359 2
251 360 3
251 457 3
251 680 3
251 681 2
251 682 3
251 687 3
251 749 2
251 872 3
251 874 2
251 875 3
251 877 2
251 879 2
251 880 3
251 881 3
251 882 2
251 883 3
251 884 3
251 937 2
251 938 2
251 984 2
251 989 2
251 991 3
251 995 3
252 7 3
252 8 3
252 14 3
252 22 3
252 25 3
252 27 3
252 45 3
252 48 3
252 52 3
252 58 3
252 60 3
252 61 3
252 62 3
252 64 3
252 66 3
252 69 3
252 70 3
252 73 3
252 86 3
252 88 3
252 89 3
252 96 3
252 97 3
252 99 3
252 111 3
252 121 3
252 124 3
252 127 3
252 132 3
252 134 3
252 135 3
252 136 3
252 143 3
252 152 3
252 154 3
252 156 3
252 161 3
252 162 3
252 163 3
252 168 3
252 170 3
252 171 3
252 173 3
252 174 3
252 180 3
252 181 3
252 183 3
252 185 3
252 186 3
252 187 3
252 188 3
252 191 3
252 194 3
252 195 3
252 197 3
252 201 3
252 202 3
252 203 3
252 204 3
252 207 3
252 212 3
252 216 3
252 234 3
252 237 3
252 243 3
252 245 3
252 259 3
252 269 3
252 276 3
252 286 3
252 294 3
252 318 3
252 371 3
252 384 3
252 404 3
252 418 3
252 419 3
252 420 3
252 423 3
252 427 3
252 430 3
252 432 3
252 435 3
252 443 3
252 455 3
252 458 3
252 461 3
252 462 3
252 465 3
252 467 3
252 472 3
252 479 3
252 482 3
252 483 3
252 485 3
252 488 3
252 491 3
252 492 3
252 494 3
252 495 3
252 496 3
252 498 3
252 502 3
252 506 3
252 510 3
252 513 3
252 517 3
252 518 3
252 521 3
252 523 3
252 526 3
252 530 3
252 531 3
252 554 3
252 576 3
252 588 3
252 597 3
252 603 3
252 609 3
252 614 3
252 615 3
252 624 3
252 631 3
252 636 3
252 641 3
252 648 3
252 654 3
252 659 3
252 660 3
252 684 3
252 729 3
252 736 3
252 780 3
252 781 3
252 792 3
252 805 3
252 815 3
252 863 3
252 874 3
252 924 3
252 947 3
252 969 3
252 971 3
253 3 4
253 4 4
253 7 4
253 9 4
253 11 4
253 12 4
253 17 4
253 22 4
253 24 4
253 33 4
253 42 4
253 48 3
253 49 4
253 50 4
253 53 3
253 59 4
253 68 4
253 69 4
253 73 4
253 79 3
253 80 4
253 93 4
253 94 4
253 97 3
253 98 4
253 100 4
253 117 4
253 122 4
253 125 3
253 132 4
253 143 3
253 154 4
253 156 3
253 157 3
253 158 4
253 164 4
253 168 4
253 172 4
253 174 4
253 181 4
253 186 4
253 188 4
253 196 3
253 204 4
253 210 4
253 231 4
253 233 4
253 238 4
253 239 4
253 246 3
253 248 3
253 254 3
253 258 4
253 268 3
253 276 4
253 288 3
253 298 3
253 318 4
253 354 3
253 356 4
253 357 3
253 364 3
253 367 4
253 369 3
253 384 4
253 385 4
253 393 3
253 401 4
253 402 4
253 410 4
253 412 4
253 416 4
253 421 4
253 423 4
253 424 4
253 427 3
253 456 4
253 471 3
253 475 3
253 476 3
253 496 4
253 508 4
253 509 3
253 515 4
253 550 4
253 552 4
253 566 4
253 568 3
253 578 4
253 586 4
253 591 4
253 628 4
253 651 3
253 655 4
253 684 3
253 693 3
253 697 4
253 717 4
253 721 4
253 742 3
253 871 4
253 959 4
253 963 3
253 975 4
254 1 3
254 11 3
254 12 3
254 15 3
254 22 3
254 28 2
254 50 3
254 51 2
254 55 3
254 56 2
254 58 2
254 66 3
254 69 3
254 70 3
254 73 3
254 76 3
254 77 2
254 79 2
254 82 3
254 87 3
254 88 3
254 89 3
254 96 3
254 97 2
254 98 3
254 99 3
254 100 3
254 107 2
254 114 3
254 117 3
254 118 3
254 121 3
254 124 3
254 131 3
254 133 3
254 134 3
254 136 3
254 143 2
254 144 3
254 153 2
254 161 3
254 162 3
254 164 3
254 169 3
254 172 3
254 173 3
254 174 3
254 181 3
254 182 3
254 185 3
254 191 3
254 195 3
254 196 2
254 197 3
254 199 3
254 202 3
254 203 3
254 204 3
254 210 3
254 211 3
254 215 2
254 222 3
254 228 2
254 234 3
254 237 3
254 245 3
254 248 2
254 250 3
254 255 3
254 257 3
254 258 3
254 259 3
254 260 3
254 270 3
254 272 3
254 277 3
254 279 3
254 286 3
254 289 2
254 293 3
254 300 3
254 310 3
254 315 2
254 316 3
254 317 2
254 318 3
254 322 3
254 323 3
254 326 3
254 356 3
254 357 2
254 378 3
254 385 3
254 392 2
254 414 3
254 418 3
254 419 2
254 423 2
254 427 3
254 431 3
254 434 3
254 435 3
254 451 2
254 465 3
254 468 2
254 474 2
254 478 3
254 479 3
254 482 3
254 483 3
254 484 3
254 485 3
254 487 3
254 490 3
254 492 2
254 493 3
254 496 3
254 497 3
254 507 2
254 509 2
254 519 2
254 520 3
254 526 3
254 528 3
254 531 3
254 566 2
254 568 3
254 603 2
254 605 2
254 607 3
254 610 3
254 612 3
254 614 3
254 627 3
254 631 3
254 633 2
254 642 3
254 649 3
254 651 3
254 654 3
254 655 3
254 657 2
254 659 3
254 660 3
254 661 3
254 678 3
254 685 2
254 686 2
254 692 2
254 693 2
254 694 3
254 705 3
254 707 3
254 724 3
254 735 2
254 736 3
254 740 2
254 742 2
254 746 3
254 836 3
254 837 3
254 842 3
254 873 3
254 875 3
254 879 3
254 939 2
254 945 3
254 956 3
254 968 3
255 1 3
255 2 3
255 4 3
255 7 3
255 8 3
255 9 3
255 12 3
255 14 3
255 17 3
255 20 3
255 24 3
255 25 3
255 31 3
255 39 3
255 40 3
255 42 3
255 44 3
255 47 3
255 53 3
255 56 3
255 57 3
255 58 3
255 64 3
255 69 3
255 70 3
255 71 3
255 87 3
255 95 3
255 96 3
255 97 3
255 98 3
255 100 3
255 118 3
255 123 3
255 125 3
255 126 3
255 127 3
255 135 3
255 148 3
255 161 3
255 170 3
255 174 3
255 176 3
255 191 3
255 196 3
255 197 3
255 204 3
255 214 3
255 217 3
255 222 3
255 223 3
255 228 3
255 234 3
255 237 3
255 241 3
255 245 3
255 252 3
255 255 3
255 257 3
255 265 3
255 270 3
255 275 3
255 276 3
255 277 3
255 279 3
255 281 3
255 282 3
255 288 3
255 289 3
255 291 3
255 292 3
255 293 3
255 300 3
255 301 3
255 304 3
255 307 3
255 313 3
255 317 3
255 318 3
255 321 3
255 323 3
255 334 3
255 343 3
255 380 3
255 382 3
255 393 3
255 402 3
255 405 3
255 423 3
255 428 3
255 447 3
255 455 3
255 462 3
255 465 3
255 471 3
255 475 3
255 504 3
255 508 3
255 511 3
255 515 3
255 518 3
255 529 3
255 531 3
255 582 3
255 584 3
255 591 3
255 597 3
255 627 3
255 628 3
255 629 3
255 647 3
255 660 3
255 678 3
255 692 3
255 694 3
255 709 3
255 724 3
255 727 3
255 738 3
255 747 3
255 755 3
255 778 3
255 898 3
255 934 3
255 939 3
256 1 4
256 3 4
256 4 4
256 9 4
256 12 4
256 13 4
256 22 4
256 23 4
256 32 4
256 42 4
256 46 4
256 50 4
256 53 4
256 54 4
256 57 4
256 60 4
256 61 4
256 68 4
256 69 4
256 71 4
256 79 4
256 80 4
256 86 4
256 91 4
256 92 4
256 95 4
256 97 4
256 100 4
256 101 4
256 111 4
256 121 4
256 125 4
256 127 4
256 133 4
256 135 4
256 143 4
256 161 4
256 168 4
256 170 4
256 172 4
256 174 4
256 175 4
256 177 4
256 179 4
256 181 4
256 182 4
256 185 4
256 186 4
256 187 4
256 188 4
256 194 4
256 196 4
256 197 4
256 200 4
256 202 4
256 210 4
256 211 4
256 218 4
256 222 4
256 226 4
256 228 4
256 231 4
256 232 4
256 234 4
256 238 4
256 268 4
256 273 4
256 274 4
256 282 4
256 286 4
256 294 4
256 325 4
256 346 4
256 357 4
256 366 4
256 369 4
256 380 4
256 403 4
256 410 4
256 414 4
256 419 4
256 421 4
256 423 4
256 427 4
256 431 4
256 432 4
256 433 4
256 443 4
256 448 4
256 449 4
256 452 4
256 460 4
256 461 4
256 462 4
256 474 4
256 475 4
256 479 4
256 484 4
256 490 4
256 498 4
256 505 4
256 506 4
256 508 4
256 523 4
256 546 4
256 559 4
256 568 4
256 578 4
256 581 4
256 582 4
256 603 4
256 608 4
256 616 4
256 640 4
256 655 4
256 658 4
256 660 4
256 662 4
256 672 4
256 673 4
256 693 4
256 696 4
256 708 4
256 710 4
256 715 4
256 720 4
256 721 4
256 737 4
256 743 4
256 763 4
256 789 4
256 806 4
256 818 4
256 845 4
256 864 4
256 919 4
256 922 4
256 933 4
256 943 4
256 955 4
256 959 4
256 963 4
256 979 4
256 985 4
257 4 4
257 7 4
257 8 4
257 9 4
257 11 4
257 12 4
257 14 3
257 15 4
257 20 4
257 27 3
257 31 3
257 38 4
257 44 4
257 45 4
257 48 3
257 50 4
257 51 3
257 52 4
257 53 3
257 54 4
257 56 4
257 57 4
257 58 3
257 59 4
257 62 4
257 64 4
257 65 3
257 66 4
257 70 4
257 77 3
257 79 4
257 82 4
257 83 4
257 86 4
257 89 4
257 91 4
257 94 3
257 96 4
257 97 3
257 100 4
257 105 4
257 114 3
257 117 4
257 118 4
257 122 4
257 127 4
257 132 4
257 134 4
257 137 4
257 143 3
257 144 4
257 148 4
257 151 4
257 155 4
257 156 3
257 157 4
257 161 4
257 162 4
257 164 4
257 168 4
257 172 4
257 173 4
257 174 4
257 176 4
257 180 3
257 181 4
257 182 4
257 183 4
257 185 4
257 186 4
257 190 4
257 191 4
257 192 4
257 193 4
257 194 4
257 195 4
257 196 4
257 197 4
257 200 4
257 203 4
257 204 4
257 209 4
257 214 4
257 215 3
257 216 4
257 218 4
257 219 4
257 226 3
257 229 4
257 230 4
257 231 4
257 232 4
257 234 4
257 235 4
257 237 4
257 239 4
257 240 3
257 241 4
257 243 3
257 248 3
257 257 4
257 258 4
257 265 4
257 282 4
257 285 4
257 288 3
257 304 4
257 318 4
257 357 4
257 366 4
257 370 4
257 372 4
257 373 4
257 378 4
257 380 4
257 385 4
257 393 3
257 395 3
257 401 4
257 402 4
257 403 3
257 405 4
257 410 4
257 411 4
257 412 4
257 417 3
257 425 4
257 428 4
257 436 4
257 443 3
257 448 4
257 450 4
257 452 4
257 453 3
257 455 4
257 456 4
257 458 4
257 462 4
257 469 4
257 470 3
257 471 4
257 472 4
257 473 3
257 474 4
257 476 3
257 483 4
257 500 4
257 507 3
257 509 3
257 527 3
257 529 4
257 531 4
257 540 4
257 546 4
257 549 3
257 553 4
257 559 4
257 566 4
257 568 4
257 582 4
257 584 4
257 588 3
257 597 4
257 623 4
257 628 4
257 629 4
257 631 3
257 632 4
257 636 3
257 640 4
257 651 3
257 655 4
257 658 4
257 664 4
257 673 4
257 679 4
257 692 4
257 699 4
257 704 4
257 708 4
257 709 4
257 717 4
257 720 3
257 722 3
257 727 4
257 729 3
257 732 4
257 739 4
257 742 3
257 744 3
257 747 4
257 755 4
257 756 4
257 758 4
257 769 4
257 770 4
257 775 4
257 783 4
257 792 4
257 819 4
257 825 4
257 841 4
257 845 4
257 871 4
257 931 4
257 934 4
257 948 4
257 949 4
257 959 4
257 980 4
258 8 3
258 9 3
258 12 3
258 13 3
258 14 3
258 20 3
258 23 3
258 25 3
258 28 3
258 32 3
258 48 3
258 50 3
258 57 3
258 58 3
258 86 3
258 96 3
258 98 3
258 117 3
258 121 3
258 124 3
258 126 3
258 127 3
258 129 3
258 134 3
258 143 3
258 144 3
258 147 3
258 152 3
258 169 3
258 174 3
258 178 3
258 179 3
258 180 3
258 181 3
258 182 3
258 183 3
258 189 3
258 190 3
258 191 3
258 192 3
258 193 3
258 195 3
258 203 3
258 208 3
258 209 3
258 234 3
258 237 3
258 238 3
258 245 3
258 250 3
258 255 3
258 273 3
258 278 3
258 282 3
258 283 3
258 284 3
258 285 3
258 286 3
258 287 3
258 288 3
258 293 3
258 298 3
258 301 3
258 304 3
258 307 3
258 317 3
258 318 3
258 319 3
258 321 3
258 330 3
258 333 3
258 346 3
258 357 3
258 387 3
258 405 3
258 408 3
258 410 3
258 423 3
258 425 3
258 427 3
258 430 3
258 467 3
258 469 3
258 473 3
258 474 3
258 496 3
258 509 3
258 514 3
258 517 3
258 521 3
258 526 3
258 529 3
258 530 3
258 546 3
258 582 3
258 588 3
258 589 3
258 591 3
258 597 3
258 603 3
258 632 3
258 644 3
258 648 3
258 651 3
258 654 3
258 663 3
258 685 3
258 694 3
258 696 3
258 704 3
258 709 3
258 717 3
258 736 3
258 742 3
258 750 3
258 753 3
258 792 3
258 844 3
258 847 3
258 896 3
258 925 3
258 939 3
258 952 3
258 956 3
258 980 3
259 1 3
259 3 3
259 7 3
259 8 3
259 15 3
259 16 3
259 19 3
259 22 3
259 25 3
259 100 3
259 108 3
259 111 3
259 117 3
259 120 3
259 121 3
259 123 3
259 134 3
259 147 3
259 148 3
259 164 3
259 172 3
259 174 3
259 181 3
259 194 3
259 216 3
259 220 3
259 222 3
259 225 3
259 230 3
259 245 3
259 249 3
259 250 3
259 255 3
259 258 3
259 264 3
259 278 3
259 282 3
259 286 3
259 289 3
259 291 3
259 295 3
259 300 3
259 301 3
259 322 3
259 323 3
259 328 3
259 332 3
259 333 3
259 336 3
259 357 3
259 358 3
259 411 3
259 472 3
259 473 3
259 523 3
259 546 3
259 568 3
259 596 3
259 597 3
259 651 3
259 676 3
259 678 3
259 685 3
259 687 3
259 742 3
259 748 3
259 815 3
259 825 3
259 827 3
259 832 3
259 846 3
259 864 3
259 866 3
259 873 3
259 879 3
259 934 3
259 969 3
259 978 3
259 989 3
260 1 3
260 7 3
260 10 3
260 14 3
260 20 3
260 117 3
260 127 3
260 129 3
260 146 3
260 221 3
260 224 3
260 242 3
260 248 3
260 250 3
260 253 3
260 257 3
260 258 3
260 273 3
260 275 3
260 276 3
260 279 3
260 286 3
260 289 3
260 294 3
260 297 3
260 301 3
260 302 3
260 303 3
260 307 3
260 311 3
260 322 3
260 327 3
260 458 3
260 515 3
260 532 3
260 591 3
260 676 3
260 713 3
260 744 3
261 121 3
261 158 3
261 242 3
261 255 3
261 269 3
261 285 3
261 302 3
261 304 3
261 319 3
261 347 3
261 682 3
262 11 3
262 22 3
262 100 3
262 136 3
262 237 3
262 259 3
262 271 3
262 288 3
262 289 3
262 292 3
262 300 3
262 313 3
262 321 3
262 332 3
262 358 3
262 678 3
262 682 3
262 866 3
262 895 3
263 3 3
263 7 3
263 10 3
263 14 2
263 15 3
263 20 3
263 24 2
263 50 3
263 93 3
263 100 3
263 103 3
263 107 2
263 112 3
263 116 3
263 117 3
263 121 3
263 124 3
263 126 2
263 127 3
263 137 3
263 147 2
263 149 3
263 150 3
263 151 3
263 221 2
263 224 3
263 225 3
263 235 3
263 242 3
263 243 2
263 244 2
263 248 2
263 249 3
263 250 3
263 253 2
263 257 2
263 258 3
263 268 2
263 270 3
263 274 3
263 282 2
263 283 3
263 284 3
263 285 3
263 288 2
263 301 2
263 304 2
263 306 2
263 311 2
263 319 2
263 347 3
263 362 3
263 455 3
263 472 2
263 473 2
263 475 2
263 477 3
263 508 3
263 544 3
263 593 3
263 596 2
263 597 3
263 689 2
263 741 2
263 744 2
263 751 3
263 819 3
263 845 3
263 864 3
263 870 3
263 880 2
263 887 3
263 926 3
263 930 3
263 950 3
263 952 2
263 988 2
263 993 3
264 16 3
264 116 3
264 176 3
264 181 3
264 194 3
264 248 2
264 258 3
264 260 3
264 269 3
264 286 3
264 289 2
264 293 3
264 298 2
264 300 3
264 301 3
264 321 3
264 322 3
264 328 2
264 333 3
264 358 3
264 482 3
264 603 2
264 678 3
264 705 3
264 709 3
264 748 3
264 879 3
265 1 3
265 7 3
265 8 3
265 12 3
265 22 3
265 28 3
265 32 3
265 56 3
265 64 3
265 87 3
265 97 3
265 100 3
265 109 3
265 114 3
265 132 3
265 134 3
265 136 3
265 143 3
265 154 3
265 169 3
265 172 3
265 174 3
265 175 3
265 179 3
265 180 3
265 181 3
265 190 3
265 191 3
265 194 3
265 198 3
265 199 3
265 202 3
265 257 3
265 258 3
265 283 3
265 286 3
265 300 3
265 318 3
265 319 3
265 395 3
265 404 3
265 423 3
265 428 3
265 474 3
265 475 3
265 478 3
265 481 3
265 496 3
265 529 3
265 584 3
265 588 3
265 603 3
265 615 3
265 638 3
265 651 3
265 656 3
265 705 3
265 855 3
266 2 4
266 11 4
266 22 4
266 24 3
266 27 3
266 50 4
266 55 3
266 56 3
266 62 4
266 79 3
266 87 4
266 89 4
266 95 3
266 96 4
266 98 3
266 117 3
266 127 4
266 128 3
266 144 4
266 174 3
266 181 4
266 182 4
266 183 4
266 184 4
266 187 3
266 188 4
266 210 4
266 231 4
266 232 4
266 258 4
266 265 4
266 268 3
266 269 4
266 273 3
266 288 3
266 292 4
266 294 4
266 302 4
266 306 3
266 308 3
266 313 4
266 315 3
266 321 4
266 324 3
266 326 4
266 327 3
266 328 3
266 331 3
266 333 4
266 334 4
266 346 4
266 349 4
266 350 4
266 354 3
266 357 3
266 385 4
266 405 3
266 455 4
266 518 3
266 546 4
266 550 3
266 566 3
266 568 3
266 651 4
266 682 3
266 748 4
266 873 3
266 882 3
266 885 3
266 898 4
266 902 3
266 908 4
266 995 4
267 7 4
267 10 4
267 24 4
267 50 4
267 93 4
267 100 4
267 108 4
267 109 4
267 150 4
267 240 3
267 246 4
267 248 3
267 249 4
267 264 3
267 268 3
267 269 4
267 273 4
267 276 4
267 298 3
267 327 4
267 340 3
267 455 4
267 475 3
267 742 3
267 762 3
267 919 4
268 1 3
268 4 3
268 7 3
268 8 3
268 13 3
268 15 3
268 19 3
268 22 3
268 23 3
268 25 3
268 31 3
268 39 3
268 42 3
268 47 3
268 51 3
268 56 3
268 58 3
268 69 3
268 70 3
268 71 3
268 95 3
268 96 3
268 97 3
268 98 3
268 100 3
268 111 3
268 116 3
268 118 3
268 121 3
268 126 3
268 132 3
268 137 3
268 144 3
268 150 3
268 153 3
268 157 3
268 159 3
268 160 3
268 170 3
268 172 3
268 173 3
268 178 3
268 180 3
268 181 3
268 182 3
268 191 3
268 192 3
268 195 3
268 200 3
268 209 3
268 214 3
268 216 3
268 222 3
268 238 3
268 246 3
268 251 3
268 257 3
268 258 3
268 273 3
268 283 3
268 285 3
268 293 3
268 294 3
268 297 3
268 318 3
268 321 3
268 357 3
268 367 3
268 377 3
268 405 3
268 411 3
268 423 3
268 427 3
268 428 3
268 435 3
268 462 3
268 469 3
268 471 3
268 475 3
268 498 3
268 507 3
268 529 3
268 544 3
268 582 3
268 603 3
268 612 3
268 642 3
268 655 3
268 662 3
268 692 3
268 699 3
268 724 3
268 742 3
268 826 3
268 856 3
268 926 3
268 952 3
269 64 4
269 65 3
269 127 4
269 134 4
269 136 4
269 153 3
269 194 4
269 199 4
269 215 3
269 286 4
269 306 3
269 483 4
269 484 3
269 490 4
269 495 3
269 507 3
269 511 3
269 520 4
269 530 4
269 582 4
269 605 4
269 610 4
269 611 4
269 641 4
269 654 4
269 656 4
269 705 4
269 855 4
269 923 4
270 1 3
270 7 3
270 9 3
270 13 3
270 19 3
270 50 3
270 93 3
270 100 3
270 118 3
270 125 2
270 150 3
270 181 3
270 221 3
270 235 3
270 248 2
270 257 3
270 258 3
270 276 3
270 283 3
270 284 3
270 285 3
270 286 3
270 293 3
270 294 3
270 295 3
270 360 3
270 458 2
270 471 3
270 475 2
270 508 3
270 544 3
270 546 3
270 813 3
270 824 2
270 919 3
270 950 3
270 952 2
271 1 3
271 8 4
271 50 4
271 94 4
271 95 3
271 99 4
271 140 3
271 225 4
271 404 3
271 418 4
271 477 4
271 501 3
271 596 4
271 768 3
271 878 4
271 932 4
271 969 3
272 1 3
272 2 4
272 3 4
272 4 4
272 7 4
272 11 3
272 12 4
272 21 3
272 24 3
272 27 3
272 28 3
272 29 4
272 33 4
272 38 4
272 41 3
272 43 3
272 49 4
272 51 3
272 56 3
272 63 3
272 64 4
272 66 4
272 68 4
272 69 3
272 71 4
272 72 4
272 73 4
272 78 3
272 79 3
272 80 4
272 82 4
272 88 4
272 90 4
272 94 4
272 97 3
272 99 4
272 101 4
272 109 4
272 117 4
272 118 3
272 120 4
272 121 4
272 122 4
272 123 4
272 132 4
272 135 4
272 141 4
272 151 4
272 161 4
272 168 4
272 172 4
272 173 4
272 174 4
272 175 3
272 177 3
272 181 4
272 183 4
272 185 3
272 186 4
272 193 4
272 195 4
272 196 3
272 204 4
272 210 4
272 215 3
272 217 3
272 218 3
272 226 3
272 228 3
272 229 4
272 232 4
272 233 4
272 234 4
272 239 4
272 240 3
272 250 3
272 254 3
272 255 3
272 258 4
272 260 4
272 271 3
272 288 3
272 313 4
272 318 4
272 323 4
272 343 3
272 355 4
272 358 3
272 362 4
272 365 4
272 368 4
272 370 3
272 373 4
272 374 4
272 375 3
272 378 4
272 380 4
272 384 3
272 386 4
272 391 4
272 392 3
272 393 3
272 395 3
272 400 4
272 401 4
272 404 3
272 411 4
272 416 4
272 417 3
272 418 4
272 431 4
272 443 3
272 449 4
272 465 4
272 473 3
272 475 3
272 477 4
272 485 4
272 496 4
272 501 3
272 541 3
272 546 4
272 548 4
272 550 3
272 552 4
272 559 3
272 561 4
272 562 3
272 567 3
272 568 3
272 569 4
272 576 3
272 577 3
272 578 4
272 584 4
272 588 3
272 597 4
272 609 3
272 625 3
272 633 3
272 655 3
272 665 4
272 672 3
272 685 3
272 689 3
272 715 3
272 720 3
272 739 4
272 742 3
272 743 3
272 746 4
272 747 4
272 751 4
272 755 3
272 756 3
272 758 4
272 760 4
272 763 3
272 768 3
272 771 3
272 780 3
272 790 4
272 796 3
272 810 4
272 826 4
272 834 4
272 877 3
272 890 4
272 895 4
272 924 4
272 928 3
272 930 3
272 931 3
272 940 4
272 946 4
272 951 3
272 977 3
273 7 4
273 9 4
273 10 4
273 14 3
273 25 3
273 116 4
273 124 4
273 129 3
273 137 4
273 242 3
273 257 4
273 275 4
273 276 4
273 293 4
273 302 4
273 303 4
273 319 3
273 327 3
273 547 4
273 813 4
274 7 4
274 8 4
274 11 4
274 12 4
274 13 4
274 14 3
274 15 4
274 22 4
274 23 4
274 26 3
274 42 4
274 44 4
274 45 4
274 48 3
274 50 4
274 52 4
274 58 3
274 60 4
274 61 4
274 64 4
274 66 4
274 68 4
274 69 4
274 70 4
274 71 4
274 72 4
274 73 4
274 76 4
274 77 3
274 79 3
274 83 4
274 86 4
274 87 4
274 88 4
274 89 4
274 92 4
274 97 3
274 98 4
274 99 4
274 100 4
274 107 3
274 116 4
274 117 4
274 121 4
274 131 4
274 132 4
274 134 4
274 135 4
274 136 4
274 141 4
274 150 4
274 161 4
274 168 4
274 170 4
274 171 4
274 172 4
274 173 4
274 175 3
274 176 4
274 178 3
274 179 4
274 180 3
274 181 4
274 182 4
274 183 4
274 191 4
274 192 3
274 193 4
274 194 4
274 195 4
274 196 3
274 198 4
274 203 4
274 205 3
274 207 4
274 208 4
274 210 4
274 211 4
274 212 4
274 215 3
274 216 4
274 218 4
274 221 3
274 227 4
274 230 4
274 234 4
274 237 4
274 238 4
274 244 3
274 248 3
274 252 4
274 257 4
274 258 4
274 265 4
274 274 4
274 275 4
274 276 4
274 282 4
274 283 4
274 285 4
274 288 3
274 289 3
274 291 4
274 293 4
274 298 3
274 302 4
274 313 4
274 315 3
274 316 4
274 317 3
274 322 4
274 326 4
274 346 4
274 356 4
274 380 4
274 382 4
274 385 4
274 410 4
274 414 4
274 416 4
274 418 4
274 419 3
274 430 3
274 434 4
274 435 4
274 436 4
274 461 4
274 462 4
274 463 4
274 470 3
274 474 3
274 475 3
274 478 4
274 480 4
274 481 3
274 483 4
274 484 3
274 486 4
274 488 4
274 489 4
274 490 4
274 491 4
274 493 4
274 495 3
274 496 4
274 497 4
274 498 4
274 499 4
274 503 3
274 506 4
274 507 3
274 508 4
274 511 3
274 513 4
274 514 4
274 517 3
274 518 3
274 519 3
274 520 3
274 521 4
274 525 4
274 526 4
274 527 4
274 528 4
274 529 4
274 530 3
274 553 4
274 566 3
274 584 4
274 591 4
274 601 4
274 602 4
274 603 3
274 604 4
274 605 3
274 607 4
274 610 4
274 614 4
274 615 3
274 618 3
274 628 4
274 633 3
274 641 4
274 642 4
274 646 3
274 648 4
274 649 4
274 651 4
274 653 3
274 657 3
274 659 4
274 660 4
274 661 4
274 664 4
274 676 4
274 684 3
274 685 3
274 692 3
274 696 4
274 697 4
274 699 4
274 705 4
274 707 4
274 708 3
274 709 4
274 735 3
274 736 4
274 744 3
274 756 3
274 789 4
274 792 3
274 836 4
274 848 4
274 921 4
274 923 4
274 939 3
274 943 4
274 945 4
274 963 4
274 966 4
274 971 4
274 996 4
275 70 4
275 100 4
275 127 4
275 259 4
275 286 4
275 313 4
275 381 4
276 4 3
276 26 3
276 33 3
276 56 3
276 63 3
276 67 3
276 72 3
276 73 3
276 80 3
276 83 3
276 88 3
276 168 3
276 173 3
276 175 3
276 186 3
276 202 3
276 204 3
276 209 3
276 211 3
276 216 3
276 232 3
276 238 3
276 239 3
276 288 3
276 294 3
276 300 3
276 328 3
276 343 3
276 367 3
276 386 3
276 435 3
276 579 3
276 648 3
276 655 3
276 692 3
276 710 3
276 712 3
276 715 3
276 734 3
276 738 3
276 748 3
276 765 3
276 781 3
276 790 3
276 792 3
276 890 3
276 944 3
276 999 3
277 20 4
277 25 3
277 36 4
277 49 4
277 88 4
277 90 4
277 237 4
277 255 4
277 282 4
277 289 3
277 294 4
277 369 3
277 553 4
277 709 4
277 722 4
277 731 4
277 732 4
277 756 3
277 781 4
277 846 4
278 1 4
278 7 4
278 17 4
278 23 4
278 26 3
278 28 4
278 40 4
278 42 4
278 48 4
278 50 4
278 65 3
278 69 4
278 72 4
278 77 3
278 79 3
278 81 4
278 93 4
278 98 4
278 111 4
278 122 4
278 134 4
278 143 3
278 145 4
278 151 4
278 160 3
278 161 4
278 188 4
278 196 3
278 216 4
278 218 4
278 219 4
278 222 4
278 231 4
278 237 4
278 238 4
278 255 4
278 276 4
278 282 4
278 288 3
278 300 4
278 318 4
278 327 4
278 340 3
278 350 4
278 354 4
278 357 3
278 367 4
278 369 3
278 381 4
278 392 4
278 403 3
278 410 4
278 412 4
278 427 3
278 447 4
278 451 3
278 467 4
278 469 4
278 518 4
278 568 4
278 591 4
278 604 4
278 616 4
278 655 4
278 658 4
278 673 4
278 684 3
278 743 4
278 763 3
278 843 4
278 866 3
278 959 4
278 975 4
279 1 3
279 8 3
279 24 3
279 28 3
279 31 3
279 50 3
279 54 3
279 55 3
279 58 3
279 66 3
279 70 3
279 71 3
279 79 3
279 82 3
279 88 3
279 89 3
279 95 3
279 96 3
279 97 3
279 100 3
279 101 3
279 108 3
279 111 3
279 117 3
279 118 3
279 121 3
279 122 3
279 127 3
279 133 3
279 135 3
279 144 3
279 147 3
279 148 3
279 153 3
279 161 3
279 164 3
279 168 3
279 172 3
279 173 3
279 174 3
279 175 3
279 176 3
279 177 3
279 179 3
279 180 3
279 181 3
279 182 3
279 183 3
279 185 3
279 187 3
279 188 3
279 189 3
279 190 3
279 195 3
279 197 3
279 198 3
279 201 3
279 204 3
279 209 3
279 210 3
279 211 3
279 213 3
279 215 3
279 216 3
279 228 3
279 230 3
279 241 3
279 248 3
279 249 3
279 255 3
279 257 3
279 258 3
279 261 3
279 264 3
279 265 3
279 266 3
279 270 3
279 272 3
279 274 3
279 281 3
279 282 3
279 286 3
279 288 3
279 294 3
279 295 3
279 298 3
279 300 3
279 304 3
279 325 3
279 328 3
279 356 3
279 358 3
279 380 3
279 385 3
279 398 3
279 405 3
279 421 3
279 422 3
279 423 3
279 436 3
279 455 3
279 463 3
279 472 3
279 479 3
279 483 3
279 489 3
279 510 3
279 511 3
279 523 3
279 526 3
279 528 3
279 535 3
279 546 3
279 566 3
279 588 3
279 602 3
279 604 3
279 616 3
279 629 3
279 632 3
279 640 3
279 651 3
279 655 3
279 680 3
279 688 3
279 692 3
279 727 3
279 732 3
279 739 3
279 748 3
279 751 3
279 752 3
279 840 3
279 879 3
279 931 3
279 945 3
280 8 3
280 12 3
280 64 3
280 89 3
280 96 3
280 100 3
280 114 3
280 127 3
280 165 3
280 172 3
280 174 3
280 175 3
280 183 3
280 190 3
280 191 3
280 213 3
280 234 3
280 237 3
280 257 3
280 258 3
280 265 3
280 272 3
280 298 3
280 347 3
280 462 3
280 479 3
280 483 3
280 504 3
280 510 3
280 511 3
280 517 3
280 603 3
280 615 3
280 642 3
280 661 3
280 705 3
280 863 3
281 4 4
281 42 4
281 50 4
281 66 4
281 70 4
281 86 4
281 100 4
281 153 3
281 163 4
281 173 4
281 190 3
281 197 4
281 204 4
281 207 4
281 210 4
281 216 3
281 283 3
281 313 4
281 318 4
281 322 4
281 367 4
281 427 3
281 430 3
281 479 4
281 484 3
281 505 4
281 507 3
281 524 4
281 648 4
281 650 4
281 659 3
281 678 4
281 692 3
281 780 3
282 127 3
282 257 3
282 269 3
282 288 3
282 295 3
282 298 3
282 311 3
282 315 3
282 346 3
282 876 3
282 881 3
282 988 3
283 1 3
283 12 3
283 20 3
283 99 3
283 107 2
283 109 3
283 116 3
283 121 3
283 151 3
283 180 3
283 195 3
283 197 3
283 199 3
283 229 3
283 230 3
283 250 3
283 257 3
283 270 3
283 271 3
283 274 3
283 275 3
283 277 3
283 286 3
283 290 3
283 313 3
283 318 3
283 365 3
283 380 3
283 405 3
283 449 3
283 450 3
283 462 3
283 480 3
283 538 3
283 582 3
283 612 3
283 743 3
283 900 3
284 1 3
284 7 4
284 9 4
284 15 4
284 24 3
284 25 3
284 28 3
284 29 4
284 50 4
284 51 3
284 53 3
284 56 3
284 69 3
284 70 4
284 71 4
284 73 4
284 79 3
284 82 4
284 94 4
284 96 4
284 97 3
284 98 4
284 111 3
284 122 4
284 135 4
284 136 4
284 141 4
284 143 3
284 144 4
284 150 4
284 151 4
284 168 4
284 173 4
284 174 4
284 181 4
284 195 4
284 202 4
284 204 4
284 216 3
284 222 4
284 227 4
284 229 4
284 234 4
284 235 4
284 237 4
284 248 3
284 250 4
284 252 4
284 255 4
284 257 4
284 258 4
284 274 4
284 275 4
284 293 4
284 294 4
284 300 4
284 313 4
284 315 3
284 318 4
284 343 4
284 385 4
284 392 3
284 399 4
284 405 3
284 419 3
284 422 4
284 427 3
284 431 4
284 449 4
284 451 3
284 463 4
284 472 3
284 510 4
284 550 3
284 554 4
284 560 4
284 562 4
284 568 3
284 578 4
284 588 3
284 597 4
284 625 3
284 651 4
284 655 3
284 665 4
284 679 4
284 692 3
284 699 4
284 746 4
284 778 4
284 823 4
284 829 4
284 849 4
284 879 4
284 924 4
284 926 4
285 288 2
285 289 2
285 303 3
285 307 3
285 313 3
285 319 2
285 321 3
285 326 3
285 330 3
285 347 2
285 748 3
286 1 3
286 3 3
286 7 3
286 10 3
286 13 3
286 14 2
286 15 3
286 93 3
286 109 3
286 111 3
286 121 3
286 123 3
286 124 2
286 125 2
286 127 3
286 129 2
286 137 3
286 146 2
286 147 2
286 150 3
286 151 3
286 181 3
286 220 3
286 221 2
286 235 3
286 236 3
286 237 3
286 245 3
286 248 2
286 250 3
286 255 2
286 257 3
286 258 3
286 262 3
286 264 2
286 270 3
286 273 3
286 275 3
286 276 3
286 277 3
286 280 2
286 282 2
286 284 3
286 285 3
286 286 3
286 287 3
286 295 3
286 298 2
286 299 3
286 300 3
286 305 3
286 319 3
286 321 3
286 322 3
286 327 2
286 331 2
286 332 3
286 333 3
286 460 3
286 471 2
286 475 2
286 476 2
286 508 3
286 591 3
286 595 3
286 597 3
286 620 3
286 628 3
286 678 3
286 689 3
286 690 2
286 696 3
286 717 3
286 718 3
286 742 2
286 748 3
286 762 2
286 766 2
286 818 2
286 823 3
286 846 3
286 864 3
286 872 3
286 874 2
286 879 3
286 880 2
286 882 2
286 886 3
286 887 3
286 924 3
286 935 3
286 936 3
286 975 3
286 994 2
286 995 3
287 1 3
287 2 4
287 3 4
287 4 4
287 12 3
287 17 3
287 25 3
287 28 3
287 31 3
287 38 4
287 42 4
287 43 3
287 45 4
287 48 3
287 49 4
287 50 4
287 55 3
287 58 3
287 66 3
287 68 4
287 69 4
287 71 4
287 73 3
287 76 4
287 77 3
287 79 3
287 81 4
287 82 4
287 87 4
287 88 4
287 92 4
287 95 3
287 96 4
287 97 3
287 99 4
287 100 4
287 111 3
287 117 4
287 121 4
287 125 3
287 128 3
287 133 4
287 136 4
287 140 3
287 143 3
287 144 4
287 150 4
287 160 3
287 161 4
287 172 4
287 174 3
287 176 4
287 179 3
287 181 4
287 183 4
287 188 4
287 191 4
287 194 4
287 195 4
287 196 3
287 202 4
287 206 3
287 215 3
287 216 4
287 218 4
287 222 4
287 226 3
287 227 4
287 230 4
287 232 4
287 237 3
287 239 4
287 249 4
287 252 4
287 255 3
287 257 4
287 258 4
287 259 4
287 260 4
287 265 4
287 270 4
287 272 4
287 273 3
287 276 4
287 280 3
287 282 3
287 286 3
287 288 3
287 289 3
287 293 4
287 294 4
287 298 3
287 300 4
287 318 4
287 333 4
287 347 3
287 356 4
287 366 4
287 367 3
287 378 4
287 402 4
287 411 4
287 412 4
287 423 3
287 432 4
287 455 4
287 462 4
287 470 3
287 471 3
287 474 3
287 501 3
287 540 4
287 541 3
287 546 4
287 549 3
287 550 3
287 566 3
287 572 4
287 578 4
287 588 3
287 591 4
287 596 4
287 597 4
287 620 4
287 627 4
287 628 4
287 651 3
287 652 3
287 658 4
287 672 3
287 679 4
287 684 3
287 685 3
287 686 3
287 692 3
287 710 3
287 713 4
287 727 4
287 732 4
287 735 3
287 739 4
287 742 3
287 747 4
287 748 4
287 768 3
287 772 3
287 779 3
287 781 4
287 790 4
287 794 4
287 820 4
287 823 3
287 833 4
287 845 4
287 921 4
287 932 4
287 939 3
287 941 4
287 955 3
287 956 4
287 978 4
288 1 4
288 8 4
288 9 4
288 11 4
288 22 4
288 28 4
288 33 4
288 58 3
288 64 4
288 69 4
288 70 4
288 83 4
288 87 4
288 96 4
288 98 4
288 111 4
288 133 4
288 135 4
288 154 3
288 164 4
288 168 4
288 172 4
288 173 4
288 176 4
288 180 4
288 181 4
288 182 4
288 183 4
288 185 4
288 186 4
288 190 4
288 196 3
288 198 4
288 199 4
288 200 4
288 203 4
288 207 4
288 208 4
288 210 4
288 211 4
288 222 4
288 228 4
288 230 4
288 238 4
288 243 3
288 245 4
288 258 4
288 260 4
288 265 4
288 269 4
288 289 3
288 292 4
288 299 4
288 304 4
288 318 4
288 328 3
288 333 4
288 357 4
288 358 4
288 385 4
288 405 4
288 414 4
288 419 4
288 429 4
288 434 4
288 468 4
288 474 4
288 480 4
288 485 4
288 491 4
288 493 4
288 496 4
288 498 4
288 500 4
288 510 4
288 511 4
288 514 4
288 515 4
288 520 4
288 521 4
288 523 4
288 526 4
288 527 4
288 568 4
288 605 4
288 612 4
288 655 4
288 659 4
288 662 3
288 692 4
288 707 4
288 724 4
288 732 4
288 748 4
288 776 4
288 845 4
288 880 4
288 890 4
289 243 2
289 258 3
289 259 3
289 260 3
289 261 3
289 263 3
289 264 3
289 266 3
289 268 2
289 270 3
289 271 3
289 272 3
289 286 3
289 288 2
289 289 2
289 292 3
289 294 3
289 301 3
289 302 3
289 303 3
289 308 2
289 310 3
289 313 3
289 315 2
289 316 3
289 321 3
289 324 2
289 325 3
289 326 3
289 327 3
289 330 3
289 331 3
289 332 3
289 333 3
289 334 3
289 339 3
289 340 2
289 342 3
289 343 3
289 349 3
289 353 3
289 355 3
289 358 3
289 457 3
289 538 3
289 539 3
289 678 3
289 681 3
289 682 3
289 687 3
289 689 3
289 750 3
289 751 3
289 752 3
289 872 3
289 873 3
289 874 3
289 875 3
289 881 3
289 883 3
289 887 3
289 890 3
289 892 3
289 902 3
289 908 3
289 948 3
289 988 3
289 989 3
289 991 3
290 1 3
290 7 3
290 9 3
290 15 3
290 50 3
290 93 3
290 117 3
290 124 3
290 126 3
290 127 3
290 150 3
290 151 3
290 181 3
290 224 3
290 237 3
290 246 3
290 257 3
290 258 3
290 273 3
290 277 3
290 284 3
290 286 3
290 292 3
290 293 3
290 298 3
290 302 3
290 333 3
290 410 3
290 475 3
290 515 3
290 596 3
290 764 3
290 847 3
290 919 3
290 926 3
290 993 3
291 7 3
291 19 3
291 45 3
291 100 3
291 124 3
291 129 3
291 236 3
291 237 3
291 258 3
291 273 3
291 286 3
291 340 3
291 475 3
291 657 3
291 900 3
292 45 3
292 56 3
292 64 3
292 69 3
292 83 3
292 97 3
292 100 3
292 124 3
292 127 3
292 134 3
292 137 3
292 185 3
292 186 3
292 187 3
292 192 3
292 193 3
292 205 3
292 221 3
292 242 3
292 285 3
292 286 3
292 318 3
292 479 3
292 482 3
292 483 3
292 492 3
292 511 3
292 523 3
292 527 3
292 531 3
292 654 3
292 657 3
292 772 3
292 923 3
293 1 3
293 7 3
293 11 3
293 12 3
293 22 3
293 24 3
293 48 3
293 50 3
293 56 3
293 59 3
293 60 3
293 61 3
293 65 3
293 69 3
293 71 3
293 79 3
293 82 3
293 91 3
293 95 3
293 96 3
293 98 3
293 100 3
293 115 3
293 117 3
293 118 3
293 121 3
293 124 3
293 127 3
293 150 3
293 156 3
293 168 3
293 171 3
293 172 3
293 173 3
293 174 3
293 175 3
293 176 3
293 180 3
293 181 3
293 182 3
293 183 3
293 188 3
293 191 3
293 192 3
293 195 3
293 196 3
293 201 3
293 209 3
293 210 3
293 222 3
293 234 3
293 235 3
293 238 3
293 239 3
293 250 3
293 252 3
293 257 3
293 258 3
293 260 3
293 264 3
293 265 3
293 271 3
293 273 3
293 275 3
293 284 3
293 288 3
293 298 3
293 300 3
293 318 3
293 323 3
293 327 3
293 328 3
293 343 3
293 357 3
293 369 3
293 405 3
293 411 3
293 423 3
293 431 3
293 455 3
293 462 3
293 475 3
293 483 3
293 527 3
293 528 3
293 546 3
293 550 3
293 597 3
293 647 3
293 652 3
293 684 3
293 687 3
293 693 3
293 742 3
293 746 3
293 751 3
293 754 3
293 762 3
293 763 3
293 876 3
293 886 3
293 890 3
293 925 3
294 1 4
294 9 4
294 15 4
294 64 4
294 65 3
294 86 4
294 98 4
294 100 4
294 126 3
294 174 4
294 183 4
294 191 4
294 194 4
294 222 4
294 237 4
294 286 4
294 289 3
294 294 4
294 322 4
294 357 3
294 479 4
294 507 3
294 528 4
294 748 4
294 924 4
295 2 4
295 4 4
295 11 4
295 29 4
295 44 4
295 50 4
295 53 3
295 54 4
295 56 4
295 62 4
295 64 4
295 68 4
295 69 4
295 71 4
295 79 4
295 84 4
295 86 4
295 88 4
295 89 4
295 90 4
295 91 4
295 94 4
295 95 4
295 98 4
295 101 4
295 109 4
295 120 4
295 127 4
295 132 4
295 133 4
295 139 4
295 140 4
295 144 4
295 145 4
295 147 3
295 153 4
295 155 4
295 157 4
295 158 4
295 161 4
295 162 4
295 163 4
295 167 4
295 168 4
295 172 4
295 173 4
295 174 4
295 176 4
295 179 4
295 181 4
295 184 4
295 186 4
295 188 4
295 191 4
295 195 4
295 200 4
295 201 4
295 202 4
295 214 4
295 216 4
295 217 4
295 219 4
295 222 4
295 226 3
295 227 4
295 228 4
295 229 4
295 230 4
295 231 4
295 232 4
295 234 4
295 235 4
295 265 4
295 282 4
295 288 4
295 357 3
295 379 4
295 380 4
295 385 4
295 386 4
295 389 4
295 391 4
295 392 4
295 395 3
295 402 4
295 403 3
295 404 4
295 413 4
295 416 4
295 417 4
295 421 4
295 423 4
295 431 4
295 433 4
295 435 4
295 444 4
295 447 4
295 449 4
295 452 4
295 465 4
295 470 4
295 472 4
295 478 4
295 479 4
295 496 4
295 501 4
295 504 4
295 505 4
295 507 3
295 523 4
295 550 4
295 559 3
295 566 4
295 575 4
295 581 4
295 616 4
295 622 4
295 629 4
295 642 4
295 650 4
295 658 4
295 660 4
295 665 4
295 671 4
295 674 4
295 679 4
295 684 4
295 705 4
295 732 4
295 742 3
295 768 4
295 770 4
295 790 4
295 796 4
295 797 4
295 831 4
295 843 4
295 924 4
295 944 4
296 7 4
296 10 4
296 17 4
296 33 4
296 38 4
296 39 4
296 42 4
296 50 4
296 53 3
296 56 3
296 64 4
296 77 3
296 87 4
296 96 4
296 97 3
296 98 3
296 99 4
296 109 4
296 132 4
296 133 4
296 135 4
296 136 4
296 141 4
296 142 4
296 143 3
296 147 3
296 150 4
296 154 4
296 156 3
296 158 3
296 164 4
296 172 4
296 173 4
296 181 4
296 183 4
296 186 4
296 204 4
296 222 4
296 227 4
296 228 3
296 229 4
296 246 4
296 268 3
296 288 3
296 318 4
296 356 4
296 378 4
296 380 4
296 393 3
296 417 3
296 418 4
296 420 3
296 421 4
296 433 4
296 469 4
296 480 4
296 484 3
296 485 4
296 509 3
296 526 4
296 528 4
296 532 4
296 554 4
296 561 4
296 607 4
296 625 3
296 633 3
296 727 4
296 743 4
296 746 4
296 774 4
296 825 3
296 921 4
297 1 3
297 2 3
297 3 3
297 11 3
297 12 3
297 13 3
297 19 3
297 24 3
297 25 3
297 28 3
297 31 3
297 38 3
297 39 3
297 54 3
297 56 3
297 66 3
297 67 3
297 70 3
297 71 3
297 72 3
297 77 3
297 79 3
297 80 3
297 87 3
297 89 3
297 94 3
297 95 3
297 96 3
297 97 3
297 98 3
297 99 3
297 100 3
297 101 3
297 105 3
297 108 3
297 109 3
297 114 3
297 118 3
297 122 3
297 127 3
297 139 3
297 145 3
297 152 3
297 153 3
297 155 3
297 161 3
297 163 3
297 164 3
297 167 3
297 168 3
297 173 3
297 174 3
297 175 3
297 181 3
297 183 3
297 185 3
297 186 3
297 187 3
297 188 3
297 189 3
297 194 3
297 195 3
297 197 3
297 202 3
297 204 3
297 208 3
297 217 3
297 222 3
297 225 3
297 227 3
297 228 3
297 229 3
297 230 3
297 233 3
297 234 3
297 240 3
297 242 3
297 248 3
297 250 3
297 252 3
297 257 3
297 258 3
297 260 3
297 268 3
297 273 3
297 274 3
297 288 3
297 291 3
297 325 3
297 358 3
297 363 3
297 364 3
297 373 3
297 381 3
297 382 3
297 384 3
297 385 3
297 386 3
297 393 3
297 395 3
297 399 3
297 403 3
297 405 3
297 407 3
297 408 3
297 412 3
297 418 3
297 423 3
297 431 3
297 432 3
297 451 3
297 452 3
297 455 3
297 465 3
297 472 3
297 475 3
297 501 3
297 508 3
297 510 3
297 526 3
297 540 3
297 545 3
297 549 3
297 550 3
297 552 3
297 559 3
297 562 3
297 566 3
297 568 3
297 570 3
297 575 3
297 577 3
297 578 3
297 588 3
297 590 3
297 597 3
297 603 3
297 625 3
297 627 3
297 645 3
297 651 3
297 652 3
297 655 3
297 657 3
297 679 3
297 692 3
297 716 3
297 721 3
297 722 3
297 724 3
297 731 3
297 741 3
297 748 3
297 758 3
297 765 3
297 771 3
297 780 3
297 781 3
297 783 3
297 790 3
297 792 3
297 797 3
297 802 3
297 808 3
297 809 3
297 810 3
297 840 3
297 849 3
297 864 3
297 940 3
297 943 3
297 1000 3
298 10 3
298 11 3
298 12 3
298 23 3
298 32 3
298 50 3
298 53 3
298 54 3
298 56 3
298 59 3
298 61 3
298 79 3
298 83 3
298 89 3
298 98 3
298 121 3
298 124 3
298 127 3
298 136 3
298 137 3
298 144 3
298 150 3
298 151 3
298 156 3
298 160 3
298 164 3
298 168 3
298 171 3
298 172 3
298 175 3
298 176 3
298 182 3
298 183 3
298 186 3
298 187 3
298 191 3
298 192 3
298 197 3
298 202 3
298 203 3
298 204 3
298 210 3
298 218 3
298 222 3
298 228 3
298 229 3
298 258 3
298 262 3
298 271 3
298 275 3
298 288 3
298 293 3
298 302 3
298 340 3
298 381 3
298 425 3
298 435 3
298 443 3
298 447 3
298 448 3
298 449 3
298 464 3
298 474 3
298 475 3
298 483 3
298 484 3
298 486 3
298 489 3
298 512 3
298 515 3
298 522 3
298 525 3
298 548 3
298 554 3
298 558 3
298 594 3
298 607 3
298 628 3
298 631 3
298 649 3
298 652 3
298 656 3
298 664 3
298 675 3
298 693 3
298 754 3
298 772 3
298 806 3
298 887 3
298 919 3
298 922 3
298 933 3
298 985 3
299 7 3
299 8 3
299 11 3
299 12 3
299 50 3
299 69 3
299 87 3
299 97 3
299 117 3
299 132 3
299 153 3
299 157 3
299 176 3
299 177 3
299 181 3
299 182 3
299 183 3
299 191 3
299 193 3
299 194 3
299 198 3
299 202 3
299 207 3
299 210 3
299 213 3
299 215 3
299 238 3
299 251 3
299 271 3
299 272 3
299 275 3
299 295 3
299 300 3
299 301 3
299 312 3
299 313 3
299 318 3
299 326 3
299 357 3
299 414 3
299 425 3
299 427 3
299 463 3
299 474 3
299 482 3
299 483 3
299 484 3
299 486 3
299 497 3
299 511 3
299 514 3
299 516 3
299 520 3
299 521 3
299 530 3
299 539 3
299 605 3
299 651 3
299 657 3
299 661 3
299 663 3
299 690 3
299 692 3
299 742 3
299 750 3
299 879 3
299 886 3
299 887 3
299 902 3
300 1 3
300 3 4
300 8 4
300 9 4
300 15 4
300 25 3
300 28 3
300 30 3
300 39 3
300 42 4
300 43 3
300 44 4
300 45 4
300 50 4
300 56 3
300 58 3
300 59 3
300 61 4
300 62 4
300 69 4
300 70 4
300 72 4
300 77 3
300 83 4
300 88 4
300 89 4
300 94 4
300 97 3
300 98 3
300 100 4
300 116 4
300 118 3
300 120 4
300 125 3
300 129 3
300 133 4
300 135 4
300 143 3
300 147 3
300 159 4
300 164 4
300 172 4
300 175 3
300 179 3
300 181 4
300 196 3
300 204 4
300 208 4
300 210 4
300 211 3
300 216 4
300 217 4
300 223 4
300 234 4
300 235 4
300 238 4
300 244 3
300 245 4
300 246 3
300 250 4
300 252 4
300 255 3
300 257 3
300 268 3
300 274 4
300 275 4
300 276 4
300 281 3
300 282 3
300 283 4
300 284 4
300 285 3
300 287 4
300 294 4
300 298 3
300 300 4
300 301 3
300 304 3
300 316 4
300 319 3
300 325 4
300 381 4
300 386 4
300 387 4
300 393 3
300 396 3
300 405 3
300 407 4
300 412 4
300 421 4
300 448 4
300 464 4
300 469 4
300 471 3
300 472 3
300 475 3
300 476 3
300 479 4
300 498 4
300 509 3
300 514 4
300 517 3
300 522 4
300 529 4
300 531 4
300 535 3
300 553 4
300 559 3
300 568 3
300 569 4
300 584 4
300 611 4
300 619 4
300 639 4
300 640 4
300 660 3
300 662 3
300 665 4
300 699 4
300 709 4
300 714 4
300 721 4
300 729 3
300 735 3
300 739 4
300 742 3
300 762 3
300 768 3
300 775 4
300 780 3
300 781 4
300 815 4
300 821 4
300 827 4
300 836 4
300 845 4
300 930 4
300 964 4
300 971 4
300 988 4
300 996 4
